4.000000 585.200012 43.799999
3.996000 560.400024 72.800003
3.992000 578.400024 42.799999
3.988000 544.400024 31.799999
3.984000 561.599976 61.400002
3.980000 571.200012 58.799999
3.976000 598.000000 62.000000
3.972000 606.400024 47.000000
3.968000 589.599976 40.599998
3.964000 581.599976 24.400000
3.960000 566.400024 26.200001
3.956000 614.400024 57.799999
3.952000 601.599976 58.599998
3.948000 578.000000 59.000000
3.944000 565.599976 54.200001
3.940000 568.799988 57.599998
3.936000 580.400024 33.599998
3.932000 566.000000 66.400002
3.928000 553.599976 43.599998
3.924000 616.400024 87.199997
3.920000 569.200012 37.000000
3.916000 602.799988 61.799999
3.912000 546.400024 55.599998
3.908000 590.799988 48.599998
3.904000 571.599976 71.599998
3.900000 595.200012 47.799999
3.896000 620.000000 57.599998
3.892000 573.599976 52.200001
3.888000 576.799988 39.799999
3.884000 584.000000 48.200001
3.880000 589.200012 59.599998
3.876000 612.000000 82.800003
3.872000 590.000000 66.199997
3.868000 604.400024 79.400002
3.864000 600.000000 44.799999
3.860000 594.400024 66.199997
3.856000 596.400024 58.599998
3.852000 620.400024 73.800003
3.848000 558.000000 34.599998
3.844000 597.599976 52.000000
3.840000 572.799988 77.000000
3.836000 623.200012 72.000000
3.832000 583.599976 41.799999
3.828000 614.799988 52.000000
3.824000 628.799988 53.000000
3.820000 608.799988 33.200001
3.816000 618.000000 66.800003
3.812000 625.200012 44.400002
3.808000 632.799988 55.799999
3.804000 578.799988 72.000000
3.800000 614.000000 43.200001
3.796000 606.000000 69.599998
3.792000 633.599976 64.000000
3.788000 614.000000 55.799999
3.784000 614.000000 20.400000
3.780000 599.599976 47.200001
3.776000 603.200012 46.000000
3.772000 594.400024 37.599998
3.768000 636.000000 41.200001
3.764000 603.599976 41.000000
3.760000 605.599976 41.400002
3.756000 627.599976 59.599998
3.752000 621.200012 48.400002
3.748000 600.400024 78.400002
3.744000 602.799988 60.000000
3.740000 630.799988 83.599998
3.736000 627.200012 62.799999
3.732000 626.000000 50.400002
3.728000 634.400024 45.000000
3.724000 612.000000 67.199997
3.720000 647.599976 56.400002
3.716000 645.200012 60.400002
3.712000 604.400024 83.400002
3.708000 600.400024 74.800003
3.704000 634.400024 47.599998
3.700000 624.799988 73.199997
3.696000 605.200012 87.800003
3.692000 669.200012 52.000000
3.688000 625.599976 53.400002
3.684000 632.400024 48.599998
3.680000 630.799988 46.400002
3.676000 651.200012 94.599998
3.672000 653.599976 55.200001
3.668000 626.799988 62.799999
3.664000 634.400024 78.599998
3.660000 622.000000 67.800003
3.656000 639.599976 46.200001
3.652000 644.000000 65.400002
3.648000 630.000000 57.200001
3.644000 639.200012 78.800003
3.640000 657.599976 62.400002
3.636000 639.200012 74.000000
3.632000 623.599976 105.000000
3.628000 659.200012 93.199997
3.624000 687.599976 82.599998
3.620000 637.200012 63.599998
3.616000 638.799988 69.599998
3.612000 689.200012 77.199997
3.608000 664.000000 58.000000
3.604000 645.200012 78.800003
3.600000 656.799988 73.599998
3.596000 638.000000 51.000000
3.592000 643.599976 48.400002
3.588000 646.799988 62.799999
3.584000 641.200012 67.400002
3.580000 632.799988 51.400002
3.576000 659.599976 64.800003
3.572000 654.000000 37.400002
3.568000 669.599976 40.400002
3.564000 660.400024 42.599998
3.560000 631.200012 44.599998
3.556000 660.799988 62.200001
3.552000 700.799988 51.400002
3.548000 634.799988 50.000000
3.544000 679.200012 37.599998
3.540000 619.599976 49.400002
3.536000 638.000000 43.799999
3.532000 654.400024 60.400002
3.528000 667.599976 49.000000
3.524000 690.000000 58.200001
3.520000 676.400024 78.800003
3.516000 689.200012 70.000000
3.512000 651.599976 69.800003
3.508000 691.599976 69.599998
3.504000 656.000000 76.000000
3.500000 694.000000 47.000000
3.496000 657.599976 30.600000
3.492000 698.000000 63.400002
3.488000 692.799988 65.800003
3.484000 693.200012 61.200001
3.480000 672.000000 28.600000
3.476000 672.000000 59.200001
3.472000 718.000000 81.800003
3.468000 687.200012 83.800003
3.464000 706.400024 46.200001
3.460000 666.799988 59.000000
3.456000 679.599976 83.199997
3.452000 680.400024 64.199997
3.448000 693.599976 84.800003
3.444000 718.000000 68.400002
3.440000 684.799988 54.200001
3.436000 673.200012 71.400002
3.432000 693.200012 83.599998
3.428000 694.000000 49.799999
3.424000 674.400024 66.400002
3.420000 718.799988 49.400002
3.416000 696.400024 65.599998
3.412000 695.599976 97.199997
3.408000 696.799988 60.799999
3.404000 700.799988 82.599998
3.400000 690.799988 71.400002
3.396000 692.000000 52.200001
3.392000 705.599976 63.599998
3.388000 684.000000 47.400002
3.384000 730.799988 65.800003
3.380000 685.599976 71.800003
3.376000 690.799988 50.799999
3.372000 730.799988 83.199997
3.368000 727.599976 83.199997
3.364000 747.599976 50.400002
3.360000 694.799988 67.400002
3.356000 714.400024 68.199997
3.352000 739.599976 46.799999
3.348000 679.200012 99.000000
3.344000 717.200012 72.800003
3.340000 725.599976 58.000000
3.336000 737.599976 96.400002
3.332000 719.599976 66.599998
3.328000 704.400024 47.799999
3.324000 723.200012 80.800003
3.320000 752.400024 77.000000
3.316000 724.400024 74.199997
3.312000 728.400024 61.799999
3.308000 702.799988 59.000000
3.304000 733.200012 99.199997
3.300000 720.799988 58.400002
3.296000 721.599976 76.599998
3.292000 720.000000 47.599998
3.288000 756.799988 67.199997
3.284000 732.000000 61.400002
3.280000 758.799988 107.400002
3.276000 737.200012 46.400002
3.272000 742.799988 69.000000
3.268000 770.400024 83.199997
3.264000 757.599976 61.799999
3.260000 729.599976 87.000000
3.256000 748.400024 93.000000
3.252000 741.599976 78.400002
3.248000 793.599976 76.400002
3.244000 744.400024 75.000000
3.240000 744.799988 74.800003
3.236000 704.400024 53.200001
3.232000 743.200012 95.800003
3.228000 749.200012 62.400002
3.224000 738.400024 39.000000
3.220000 744.799988 90.000000
3.216000 800.400024 88.599998
3.212000 768.799988 63.000000
3.208000 743.200012 61.000000
3.204000 732.799988 85.400002
3.200000 750.400024 70.800003
3.196000 771.599976 108.800003
3.192000 817.599976 100.800003
3.188000 758.000000 85.800003
3.184000 798.400024 61.599998
3.180000 768.000000 89.599998
3.176000 779.599976 95.800003
3.172000 814.400024 96.800003
3.168000 764.799988 75.000000
3.164000 734.000000 77.000000
3.160000 766.000000 70.199997
3.156000 796.400024 107.599998
3.152000 805.599976 75.199997
3.148000 799.599976 103.400002
3.144000 808.799988 77.199997
3.140000 778.000000 75.199997
3.136000 764.799988 93.000000
3.132000 744.000000 49.799999
3.128000 797.599976 98.599998
3.124000 805.599976 84.800003
3.120000 774.799988 81.599998
3.116000 766.400024 36.799999
3.112000 787.599976 73.199997
3.108000 788.799988 114.599998
3.104000 790.799988 91.800003
3.100000 794.799988 57.599998
3.096000 806.000000 89.000000
3.092000 800.000000 78.000000
3.088000 825.200012 74.599998
3.084000 800.799988 78.199997
3.080000 783.599976 91.599998
3.076000 806.799988 58.200001
3.072000 802.000000 65.400002
3.068000 792.799988 80.599998
3.064000 825.599976 90.800003
3.060000 811.200012 93.599998
3.056000 817.200012 120.400002
3.052000 811.200012 80.599998
3.048000 810.400024 109.400002
3.044000 803.200012 98.000000
3.040000 795.200012 80.199997
3.036000 850.400024 67.199997
3.032000 823.200012 92.000000
3.028000 841.599976 83.400002
3.024000 842.799988 96.800003
3.020000 846.799988 54.200001
3.016000 798.400024 75.000000
3.012000 807.200012 92.000000
3.008000 815.200012 97.599998
3.004000 848.799988 108.199997
3.000000 852.000000 85.800003
2.996000 804.799988 78.400002
2.992000 854.000000 59.799999
2.988000 854.000000 72.400002
2.984000 834.400024 82.199997
2.980000 895.200012 146.600006
2.976000 848.799988 62.599998
2.972000 860.400024 76.800003
2.968000 849.200012 97.000000
2.964000 850.400024 135.199997
2.960000 874.799988 75.199997
2.956000 869.200012 97.199997
2.952000 842.799988 77.800003
2.948000 868.000000 74.599998
2.944000 860.000000 97.800003
2.940000 844.799988 110.599998
2.936000 861.599976 85.000000
2.932000 832.799988 113.000000
2.928000 857.200012 62.400002
2.924000 910.000000 175.600006
2.920000 863.200012 76.800003
2.916000 873.599976 94.800003
2.912000 869.599976 89.199997
2.908000 854.000000 91.000000
2.904000 858.400024 111.599998
2.900000 878.799988 98.199997
2.896000 886.400024 117.400002
2.892000 869.599976 71.000000
2.888000 838.000000 82.199997
2.884000 874.799988 71.199997
2.880000 887.200012 100.800003
2.876000 920.400024 130.800003
2.872000 909.599976 69.599998
2.868000 878.400024 101.599998
2.864000 907.599976 70.800003
2.860000 893.200012 126.599998
2.856000 925.599976 51.599998
2.852000 942.000000 96.599998
2.848000 926.400024 130.000000
2.844000 917.599976 142.000000
2.840000 923.200012 94.599998
2.836000 909.200012 99.800003
2.832000 919.599976 116.199997
2.828000 907.200012 77.800003
2.824000 892.799988 94.599998
2.820000 882.799988 86.599998
2.816000 931.200012 96.000000
2.812000 922.799988 93.000000
2.808000 913.599976 87.400002
2.804000 914.799988 112.000000
2.800000 939.200012 42.400002
2.796000 908.799988 108.599998
2.792000 912.000000 96.800003
2.788000 928.400024 69.400002
2.784000 938.400024 148.800003
2.780000 953.599976 144.399994
2.776000 975.599976 134.600006
2.772000 968.000000 127.599998
2.768000 934.000000 171.000000
2.764000 950.799988 93.800003
2.760000 974.799988 90.199997
2.756000 961.599976 127.199997
2.752000 946.400024 89.400002
2.748000 985.200012 120.800003
2.744000 951.599976 86.800003
2.740000 964.000000 135.399994
2.736000 964.000000 140.600006
2.732000 977.200012 104.199997
2.728000 974.799988 124.000000
2.724000 934.400024 106.800003
2.720000 969.599976 163.199997
2.716000 960.000000 128.399994
2.712000 990.000000 169.800003
2.708000 999.599976 118.000000
2.704000 966.400024 143.199997
2.700000 997.200012 98.000000
2.696000 957.200012 90.000000
2.692000 1033.199951 96.400002
2.688000 944.799988 117.800003
2.684000 1007.200012 169.399994
2.680000 979.200012 112.000000
2.676000 1031.199951 143.800003
2.672000 1018.400024 188.800003
2.668000 1004.400024 132.000000
2.664000 991.200012 123.800003
2.660000 1014.000000 157.399994
2.656000 1057.199951 157.600006
2.652000 1082.400024 217.199997
2.648000 1000.799988 168.399994
2.644000 988.400024 116.400002
2.640000 1056.000000 190.000000
2.636000 1063.599976 93.400002
2.632000 1020.799988 158.199997
2.628000 985.599976 150.199997
2.624000 1067.199951 142.000000
2.620000 1053.599976 152.800003
2.616000 1036.800049 174.199997
2.612000 1024.400024 116.599998
2.608000 1054.800049 164.600006
2.604000 1054.800049 139.000000
2.600000 1065.199951 101.800003
2.596000 1056.400024 178.399994
2.592000 1035.199951 127.800003
2.588000 1086.000000 267.600006
2.584000 1066.800049 177.000000
2.580000 1098.800049 178.000000
2.576000 1071.199951 173.600006
2.572000 1044.400024 156.199997
2.568000 1067.199951 172.600006
2.564000 1102.400024 209.000000
2.560000 1111.199951 148.600006
2.556000 1079.199951 141.399994
2.552000 1093.199951 161.800003
2.548000 1092.800049 147.800003
2.544000 1124.400024 116.000000
2.540000 1071.199951 148.600006
2.536000 1006.799988 111.400002
2.532000 1084.000000 199.600006
2.528000 1123.199951 171.000000
2.524000 1108.000000 198.800003
2.520000 1165.199951 219.800003
2.516000 1125.199951 179.600006
2.512000 1106.400024 135.800003
2.508000 1114.800049 203.199997
2.504000 1171.599976 163.600006
2.500000 1120.000000 249.800003
2.496000 1172.000000 200.399994
2.492000 1121.199951 276.399994
2.488000 1136.400024 199.199997
2.484000 1177.199951 147.199997
2.480000 1168.000000 242.800003
2.476000 1121.599976 110.199997
2.472000 1234.400024 276.200012
2.468000 1146.400024 149.199997
2.464000 1178.800049 321.000000
2.460000 1212.800049 224.399994
2.456000 1169.199951 299.600006
2.452000 1178.400024 225.800003
2.448000 1168.400024 248.399994
2.444000 1208.000000 316.000000
2.440000 1192.800049 272.000000
2.436000 1168.400024 240.000000
2.432000 1198.000000 261.799988
2.428000 1222.800049 279.399994
2.424000 1241.599976 331.600006
2.420000 1268.800049 402.799988
2.416000 1210.000000 333.799988
2.412000 1189.599976 263.200012
2.408000 1215.599976 249.199997
2.404000 1206.800049 229.000000
2.400000 1238.000000 308.399994
2.396000 1255.599976 301.799988
2.392000 1258.000000 309.000000
2.388000 1238.800049 360.000000
2.384000 1345.599976 437.600006
2.380000 1257.199951 257.200012
2.376000 1273.199951 381.000000
2.372000 1281.199951 384.000000
2.368000 1230.400024 342.399994
2.364000 1254.400024 392.399994
2.360000 1304.400024 367.799988
2.356000 1274.000000 394.799988
2.352000 1306.800049 434.200012
2.348000 1390.000000 529.599976
2.344000 1306.400024 383.799988
2.340000 1342.000000 499.799988
2.336000 1305.199951 473.000000
2.332000 1319.599976 327.000000
2.328000 1390.800049 546.400024
2.324000 1343.599976 448.000000
2.320000 1364.800049 544.200012
2.316000 1390.400024 665.200012
2.312000 1334.000000 440.799988
2.308000 1384.400024 546.599976
2.304000 1376.000000 539.000000
2.300000 1446.000000 703.599976
2.296000 1434.800049 615.799988
2.292000 1445.199951 557.400024
2.288000 1480.800049 716.400024
2.284000 1447.599976 618.400024
2.280000 1428.000000 566.599976
2.276000 1406.000000 571.200012
2.272000 1482.000000 685.000000
2.268000 1492.000000 702.000000
2.264000 1501.599976 706.000000
2.260000 1495.199951 675.000000
2.256000 1479.199951 718.000000
2.252000 1488.800049 720.599976
2.248000 1490.800049 694.000000
2.244000 1499.199951 686.799988
2.240000 1528.400024 747.599976
2.236000 1539.199951 767.400024
2.232000 1619.599976 838.400024
2.228000 1563.199951 818.799988
2.224000 1498.800049 708.400024
2.220000 1524.400024 719.200012
2.216000 1524.400024 737.799988
2.212000 1613.199951 842.000000
2.208000 1603.599976 831.400024
2.204000 1554.000000 765.200012
2.200000 1615.599976 849.799988
2.196000 1568.400024 781.799988
2.192000 1608.400024 829.400024
2.188000 1596.000000 825.000000
2.184000 1620.000000 822.599976
2.180000 1658.800049 854.000000
2.176000 1674.000000 882.599976
2.172000 1646.400024 860.799988
2.168000 1615.599976 851.000000
2.164000 1614.000000 854.200012
2.160000 1664.800049 864.200012
2.156000 1648.400024 855.799988
2.152000 1631.599976 849.200012
2.148000 1623.199951 853.000000
2.144000 1666.000000 838.200012
2.140000 1661.599976 869.200012
2.136000 1650.800049 853.799988
2.132000 1705.199951 891.799988
2.128000 1662.000000 866.799988
2.124000 1667.599976 873.000000
2.120000 1676.800049 872.200012
2.116000 1698.400024 886.799988
2.112000 1707.199951 886.200012
2.108000 1665.199951 880.799988
2.104000 1706.400024 897.400024
2.100000 1708.400024 897.799988
2.096000 1710.400024 889.000000
2.092000 1696.000000 881.599976
2.088000 1705.599976 893.599976
2.084000 1749.599976 916.799988
2.080000 1713.199951 894.799988
2.076000 1749.199951 916.200012
2.072000 1790.400024 936.799988
2.068000 1728.000000 903.799988
2.064000 1730.000000 900.799988
2.060000 1743.599976 903.000000
2.056000 1742.000000 913.400024
2.052000 1769.199951 923.200012
2.048000 1754.800049 916.200012
2.044000 1777.199951 933.400024
2.040000 1760.000000 922.200012
2.036000 1726.400024 901.799988
2.032000 1794.400024 941.200012
2.028000 1768.400024 922.799988
2.024000 1728.000000 911.599976
2.020000 1790.800049 933.799988
2.016000 1786.800049 932.000000
2.012000 1778.000000 933.000000
2.008000 1803.599976 941.599976
2.004000 1764.400024 923.000000
2.000000 1793.199951 939.799988
1.996000 1785.199951 933.400024
1.992000 1802.400024 938.000000
1.988000 1762.000000 924.599976
1.984000 1790.800049 933.200012
1.980000 1814.000000 948.000000
1.976000 1798.000000 929.599976
1.972000 1794.400024 941.599976
1.968000 1805.599976 937.400024
1.964000 1810.400024 948.799988
1.960000 1806.000000 944.599976
1.956000 1807.199951 944.200012
1.952000 1807.599976 941.000000
1.948000 1816.800049 949.200012
1.944000 1837.199951 951.799988
1.940000 1832.000000 954.000000
1.936000 1817.599976 946.400024
1.932000 1850.800049 956.599976
1.928000 1832.000000 952.599976
1.924000 1840.000000 955.599976
1.920000 1829.599976 950.599976
1.916000 1816.800049 940.200012
1.912000 1833.199951 952.799988
1.908000 1834.400024 956.799988
1.904000 1864.800049 964.799988
1.900000 1872.000000 971.400024
1.896000 1862.000000 961.599976
1.892000 1849.599976 960.400024
1.888000 1884.400024 973.799988
1.884000 1836.400024 956.000000
1.880000 1885.199951 974.799988
1.876000 1849.199951 959.400024
1.872000 1847.599976 960.599976
1.868000 1876.800049 971.599976
1.864000 1880.800049 974.599976
1.860000 1885.599976 968.400024
1.856000 1870.000000 965.200012
1.852000 1885.199951 973.200012
1.848000 1887.599976 976.200012
1.844000 1876.000000 966.200012
1.840000 1885.599976 973.200012
1.836000 1890.800049 974.200012
1.832000 1903.599976 979.400024
1.828000 1910.400024 984.200012
1.824000 1884.800049 975.799988
1.820000 1897.199951 973.599976
1.816000 1898.000000 980.400024
1.812000 1893.199951 973.599976
1.808000 1894.800049 977.000000
1.804000 1904.000000 980.799988
1.800000 1901.599976 977.799988
1.796000 1886.400024 974.200012
1.792000 1915.199951 985.599976
1.788000 1902.000000 975.799988
1.784000 1918.800049 981.200012
1.780000 1886.400024 972.400024
1.776000 1911.199951 976.200012
1.772000 1933.599976 990.000000
1.768000 1927.599976 987.599976
1.764000 1926.400024 985.200012
1.760000 1916.400024 985.200012
1.756000 1925.199951 986.200012
1.752000 1930.800049 990.200012
1.748000 1912.000000 983.400024
1.744000 1911.199951 983.000000
1.740000 1936.400024 992.599976
1.736000 1920.800049 984.799988
1.732000 1916.000000 984.200012
1.728000 1935.599976 990.400024
1.724000 1937.599976 990.200012
1.720000 1936.000000 991.200012
1.716000 1934.800049 991.000000
1.712000 1940.800049 993.000000
1.708000 1962.400024 998.599976
1.704000 1946.400024 992.799988
1.700000 1936.800049 992.799988
1.696000 1956.800049 998.000000
1.692000 1930.800049 988.599976
1.688000 1955.199951 997.599976
1.684000 1942.800049 993.200012
1.680000 1965.599976 1000.599976
1.676000 1938.000000 991.599976
1.672000 1960.400024 998.200012
1.668000 1955.199951 997.400024
1.664000 1955.199951 995.799988
1.660000 1973.199951 1002.400024
1.656000 1952.400024 995.599976
1.652000 1960.000000 998.599976
1.648000 1961.199951 997.000000
1.644000 1958.800049 1000.000000
1.640000 1968.000000 1002.000000
1.636000 1974.000000 1002.799988
1.632000 1973.199951 1003.000000
1.628000 1969.599976 1000.200012
1.624000 1982.800049 1005.799988
1.620000 1966.000000 1000.599976
1.616000 1958.000000 996.799988
1.612000 1968.400024 1000.799988
1.608000 1976.000000 1004.599976
1.604000 1966.800049 1000.799988
1.600000 1966.000000 1000.200012
1.596000 1966.000000 1000.400024
1.592000 1973.599976 1002.799988
1.588000 1987.599976 1006.799988
1.584000 1966.000000 1000.799988
1.580000 1980.800049 1006.000000
1.576000 1971.599976 1002.200012
1.572000 1985.599976 1005.799988
1.568000 1990.000000 1006.799988
1.564000 1980.000000 1004.799988
1.560000 1986.800049 1007.000000
1.556000 1982.800049 1006.400024
1.552000 1974.800049 1004.400024
1.548000 1993.599976 1008.799988
1.544000 1992.800049 1009.000000
1.540000 1982.000000 1005.799988
1.536000 1983.599976 1004.000000
1.532000 1990.000000 1007.599976
1.528000 1997.599976 1010.200012
1.524000 2002.000000 1011.400024
1.520000 1995.199951 1010.000000
1.516000 1992.000000 1008.799988
1.512000 2002.400024 1012.000000
1.508000 1994.400024 1008.200012
1.504000 1988.000000 1007.200012
1.500000 2004.400024 1012.400024
1.496000 2004.400024 1012.400024
1.492000 2003.599976 1011.200012
1.488000 2008.800049 1013.400024
1.484000 1996.400024 1010.599976
1.480000 1995.199951 1009.599976
1.476000 2002.000000 1011.799988
1.472000 1994.000000 1009.200012
1.468000 1999.199951 1010.799988
1.464000 1996.800049 1010.000000
1.460000 2011.199951 1014.400024
1.456000 2011.199951 1013.000000
1.452000 2012.400024 1014.000000
1.448000 2000.000000 1010.400024
1.444000 2006.800049 1012.799988
1.440000 2014.400024 1014.799988
1.436000 2009.199951 1013.799988
1.432000 2011.199951 1013.799988
1.428000 2010.000000 1013.799988
1.424000 2021.199951 1016.799988
1.420000 2014.000000 1015.200012
1.416000 2011.199951 1012.799988
1.412000 2018.400024 1016.000000
1.408000 2015.599976 1015.400024
1.404000 2015.599976 1015.400024
1.400000 2014.000000 1014.599976
1.396000 2013.199951 1014.599976
1.392000 2017.199951 1015.000000
1.388000 2012.400024 1014.000000
1.384000 2022.800049 1017.400024
1.380000 2021.199951 1016.799988
1.376000 2011.199951 1014.599976
1.372000 2025.599976 1018.400024
1.368000 2018.400024 1016.200012
1.364000 2024.400024 1018.000000
1.360000 2016.400024 1015.599976
1.356000 2021.199951 1016.799988
1.352000 2021.199951 1017.200012
1.348000 2015.599976 1015.400024
1.344000 2027.199951 1018.799988
1.340000 2022.000000 1017.200012
1.336000 2022.800049 1017.200012
1.332000 2019.199951 1016.400024
1.328000 2024.800049 1017.799988
1.324000 2029.599976 1019.200012
1.320000 2030.000000 1019.200012
1.316000 2025.599976 1018.200012
1.312000 2029.599976 1019.200012
1.308000 2021.199951 1017.000000
1.304000 2027.599976 1018.799988
1.300000 2032.400024 1019.799988
1.296000 2028.000000 1018.400024
1.292000 2026.000000 1018.400024
1.288000 2024.400024 1017.799988
1.284000 2028.400024 1018.799988
1.280000 2023.199951 1017.200012
1.276000 2032.800049 1020.200012
1.272000 2031.199951 1019.599976
1.268000 2032.800049 1020.000000
1.264000 2027.599976 1018.599976
1.260000 2032.000000 1019.799988
1.256000 2025.199951 1017.799988
1.252000 2031.599976 1019.799988
1.248000 2026.800049 1018.400024
1.244000 2034.400024 1020.599976
1.240000 2034.400024 1020.200012
1.236000 2035.199951 1020.599976
1.232000 2030.800049 1019.200012
1.228000 2029.199951 1019.000000
1.224000 2035.599976 1020.799988
1.220000 2035.599976 1020.799988
1.216000 2036.000000 1020.799988
1.212000 2027.599976 1018.599976
1.208000 2034.000000 1020.400024
1.204000 2036.000000 1020.599976
1.200000 2040.400024 1022.000000
1.196000 2033.599976 1020.400024
1.192000 2038.000000 1021.200012
1.188000 2039.199951 1021.799988
1.184000 2029.199951 1019.200012
1.180000 2040.800049 1022.200012
1.176000 2036.800049 1021.200012
1.172000 2037.199951 1020.799988
1.168000 2036.000000 1021.000000
1.164000 2039.599976 1021.799988
1.160000 2033.599976 1020.200012
1.156000 2038.800049 1021.599976
1.152000 2040.400024 1022.000000
1.148000 2043.199951 1022.799988
1.144000 2039.199951 1021.799988
1.140000 2037.599976 1021.400024
1.136000 2042.400024 1022.599976
1.132000 2039.199951 1021.799988
1.128000 2042.400024 1022.599976
1.124000 2040.800049 1022.200012
1.120000 2038.400024 1021.400024
1.116000 2042.400024 1022.599976
1.112000 2040.000000 1022.000000
1.108000 2042.800049 1022.599976
1.104000 2044.800049 1023.200012
1.100000 2043.199951 1022.799988
1.096000 2040.800049 1022.200012
1.092000 2039.199951 1021.799988
1.088000 2043.199951 1022.799988
1.084000 2038.800049 1021.599976
1.080000 2045.599976 1023.400024
1.076000 2043.199951 1022.799988
1.072000 2044.000000 1023.000000
1.068000 2044.000000 1023.000000
1.064000 2045.599976 1023.400024
1.060000 2040.800049 1022.200012
1.056000 2045.599976 1023.400024
1.052000 2041.599976 1022.400024
1.048000 2038.800049 1021.599976
1.044000 2044.000000 1023.000000
1.040000 2042.400024 1022.599976
1.036000 2042.400024 1022.599976
1.032000 2042.400024 1022.599976
1.028000 2046.400024 1023.599976
1.024000 2041.599976 1022.400024
1.020000 2044.000000 1023.000000
1.016000 2045.599976 1023.400024
1.012000 2041.199951 1022.200012
1.008000 2043.199951 1022.799988
1.004000 2045.599976 1023.400024
1.000000 2043.599976 1022.799988
0.996000 2044.000000 1023.000000
0.992000 2045.599976 1023.400024
0.988000 2045.599976 1023.400024
0.984000 2044.800049 1023.200012
0.980000 2044.800049 1023.200012
0.976000 2045.599976 1023.400024
0.972000 2045.599976 1023.400024
0.968000 2046.400024 1023.599976
0.964000 2046.400024 1023.599976
0.960000 2046.400024 1023.599976
0.956000 2046.400024 1023.599976
0.952000 2047.199951 1023.799988
0.948000 2047.199951 1023.799988
0.944000 2047.199951 1023.799988
0.940000 2048.000000 1024.000000
0.936000 2047.199951 1023.799988
0.932000 2046.400024 1023.599976
0.928000 2045.599976 1023.400024
0.924000 2044.800049 1023.200012
0.920000 2047.199951 1023.799988
0.916000 2046.400024 1023.599976
0.912000 2045.599976 1023.400024
0.908000 2047.199951 1023.799988
0.904000 2044.800049 1023.200012
0.900000 2047.199951 1023.799988
0.896000 2047.199951 1023.799988
0.892000 2047.199951 1023.799988
0.888000 2045.599976 1023.400024
0.884000 2047.199951 1023.799988
0.880000 2045.599976 1023.400024
0.876000 2048.000000 1024.000000
0.872000 2046.400024 1023.599976
0.868000 2045.599976 1023.400024
0.864000 2046.400024 1023.599976
0.860000 2048.000000 1024.000000
0.856000 2045.599976 1023.400024
0.852000 2048.000000 1024.000000
0.848000 2048.000000 1024.000000
0.844000 2048.000000 1024.000000
0.840000 2048.000000 1024.000000
0.836000 2047.199951 1023.799988
0.832000 2047.199951 1023.799988
0.828000 2047.199951 1023.799988
0.824000 2048.000000 1024.000000
0.820000 2048.000000 1024.000000
0.816000 2047.199951 1023.799988
0.812000 2048.000000 1024.000000
0.808000 2048.000000 1024.000000
0.804000 2048.000000 1024.000000
0.800000 2048.000000 1024.000000
0.796000 2048.000000 1024.000000
0.792000 2047.199951 1023.799988
0.788000 2048.000000 1024.000000
0.784000 2047.199951 1023.799988
0.780000 2047.199951 1023.799988
0.776000 2048.000000 1024.000000
0.772000 2047.199951 1023.799988
0.768000 2047.199951 1023.799988
0.764000 2047.199951 1023.799988
0.760000 2048.000000 1024.000000
0.756000 2048.000000 1024.000000
0.752000 2047.199951 1023.799988
0.748000 2048.000000 1024.000000
0.744000 2048.000000 1024.000000
0.740000 2047.199951 1023.799988
0.736000 2048.000000 1024.000000
0.732000 2048.000000 1024.000000
0.728000 2048.000000 1024.000000
0.724000 2048.000000 1024.000000
0.720000 2048.000000 1024.000000
0.716000 2046.400024 1023.599976
0.712000 2048.000000 1024.000000
0.708000 2048.000000 1024.000000
0.704000 2048.000000 1024.000000
0.700000 2048.000000 1024.000000
0.696000 2048.000000 1024.000000
0.692000 2048.000000 1024.000000
0.688000 2048.000000 1024.000000
0.684000 2048.000000 1024.000000
0.680000 2048.000000 1024.000000
0.676000 2048.000000 1024.000000
0.672000 2048.000000 1024.000000
0.668000 2048.000000 1024.000000
0.664000 2048.000000 1024.000000
0.660000 2048.000000 1024.000000
0.656000 2048.000000 1024.000000
0.652000 2048.000000 1024.000000
0.648000 2048.000000 1024.000000
0.644000 2048.000000 1024.000000
0.640000 2048.000000 1024.000000
0.636000 2048.000000 1024.000000
0.632000 2048.000000 1024.000000
0.628000 2048.000000 1024.000000
0.624000 2048.000000 1024.000000
0.620000 2048.000000 1024.000000
0.616000 2048.000000 1024.000000
0.612000 2048.000000 1024.000000
0.608000 2048.000000 1024.000000
0.604000 2048.000000 1024.000000
0.600000 2048.000000 1024.000000
0.596000 2048.000000 1024.000000
0.592000 2048.000000 1024.000000
0.588000 2048.000000 1024.000000
0.584000 2047.199951 1023.799988
0.580000 2048.000000 1024.000000
0.576000 2048.000000 1024.000000
0.572000 2048.000000 1024.000000
0.568000 2048.000000 1024.000000
0.564000 2048.000000 1024.000000
0.560000 2048.000000 1024.000000
0.556000 2048.000000 1024.000000
0.552000 2048.000000 1024.000000
0.548000 2048.000000 1024.000000
0.544000 2048.000000 1024.000000
0.540000 2048.000000 1024.000000
0.536000 2048.000000 1024.000000
0.532000 2048.000000 1024.000000
0.528000 2048.000000 1024.000000
0.524000 2048.000000 1024.000000
0.520000 2048.000000 1024.000000
0.516000 2048.000000 1024.000000
0.512000 2048.000000 1024.000000
0.508000 2048.000000 1024.000000
0.504000 2048.000000 1024.000000
0.500000 2048.000000 1024.000000
0.496000 2048.000000 1024.000000
0.492000 2048.000000 1024.000000
0.488000 2048.000000 1024.000000
0.484000 2048.000000 1024.000000
0.480000 2048.000000 1024.000000
0.476000 2048.000000 1024.000000
0.472000 2048.000000 1024.000000
0.468000 2048.000000 1024.000000
0.464000 2048.000000 1024.000000
0.460000 2048.000000 1024.000000
0.456000 2048.000000 1024.000000
0.452000 2048.000000 1024.000000
0.448000 2048.000000 1024.000000
0.444000 2048.000000 1024.000000
0.440000 2048.000000 1024.000000
0.436000 2048.000000 1024.000000
0.432000 2048.000000 1024.000000
0.428000 2048.000000 1024.000000
0.424000 2048.000000 1024.000000
0.420000 2048.000000 1024.000000
0.416000 2048.000000 1024.000000
0.412000 2048.000000 1024.000000
0.408000 2048.000000 1024.000000
0.404000 2048.000000 1024.000000
0.400000 2048.000000 1024.000000
0.396000 2048.000000 1024.000000
0.392000 2048.000000 1024.000000
0.388000 2048.000000 1024.000000
0.384000 2048.000000 1024.000000
0.380000 2048.000000 1024.000000
0.376000 2048.000000 1024.000000
0.372000 2048.000000 1024.000000
0.368000 2048.000000 1024.000000
0.364000 2048.000000 1024.000000
0.360000 2048.000000 1024.000000
0.356000 2048.000000 1024.000000
0.352000 2048.000000 1024.000000
0.348000 2048.000000 1024.000000
0.344000 2048.000000 1024.000000
0.340000 2048.000000 1024.000000
0.336000 2048.000000 1024.000000
0.332000 2048.000000 1024.000000
0.328000 2048.000000 1024.000000
0.324000 2048.000000 1024.000000
0.320000 2048.000000 1024.000000
0.316000 2048.000000 1024.000000
0.312000 2048.000000 1024.000000
0.308000 2048.000000 1024.000000
0.304000 2048.000000 1024.000000
0.300000 2048.000000 1024.000000
0.296000 2048.000000 1024.000000
0.292000 2048.000000 1024.000000
0.288000 2048.000000 1024.000000
0.284000 2048.000000 1024.000000
0.280000 2048.000000 1024.000000
0.276000 2048.000000 1024.000000
0.272000 2048.000000 1024.000000
0.268000 2048.000000 1024.000000
0.264000 2048.000000 1024.000000
0.260000 2048.000000 1024.000000
0.256000 2048.000000 1024.000000
0.252000 2048.000000 1024.000000
0.248000 2048.000000 1024.000000
0.244000 2048.000000 1024.000000
0.240000 2048.000000 1024.000000
0.236000 2048.000000 1024.000000
0.232000 2048.000000 1024.000000
0.228000 2048.000000 1024.000000
0.224000 2048.000000 1024.000000
0.220000 2048.000000 1024.000000
0.216000 2048.000000 1024.000000
0.212000 2048.000000 1024.000000
0.208000 2048.000000 1024.000000
0.204000 2048.000000 1024.000000
0.200000 2048.000000 1024.000000
0.196000 2048.000000 1024.000000
0.192000 2048.000000 1024.000000
0.188000 2048.000000 1024.000000
0.184000 2048.000000 1024.000000
0.180000 2048.000000 1024.000000
0.176000 2048.000000 1024.000000
0.172000 2048.000000 1024.000000
0.168000 2048.000000 1024.000000
0.164000 2048.000000 1024.000000
0.160000 2048.000000 1024.000000
0.156000 2048.000000 1024.000000
0.152000 2048.000000 1024.000000
0.148000 2048.000000 1024.000000
0.144000 2048.000000 1024.000000
0.140000 2048.000000 1024.000000
0.136000 2048.000000 1024.000000
0.132000 2048.000000 1024.000000
0.128000 2048.000000 1024.000000
0.124000 2048.000000 1024.000000
0.120000 2048.000000 1024.000000
0.116000 2048.000000 1024.000000
0.112000 2048.000000 1024.000000
0.108000 2048.000000 1024.000000
0.104000 2048.000000 1024.000000
0.100000 2048.000000 1024.000000
0.096000 2048.000000 1024.000000
0.092000 2048.000000 1024.000000
0.088000 2048.000000 1024.000000
0.084000 2048.000000 1024.000000
0.080000 2048.000000 1024.000000
0.076000 2048.000000 1024.000000
0.072000 2048.000000 1024.000000
0.068000 2048.000000 1024.000000
0.064000 2048.000000 1024.000000
0.060000 2048.000000 1024.000000
0.056000 2048.000000 1024.000000
0.052000 2048.000000 1024.000000
0.048000 2048.000000 1024.000000
0.044000 2048.000000 1024.000000
0.040000 2048.000000 1024.000000
0.036000 2048.000000 1024.000000
0.032000 2048.000000 1024.000000
0.028000 2048.000000 1024.000000
0.024000 2048.000000 1024.000000
0.020000 2048.000000 1024.000000
0.016000 2048.000000 1024.000000
0.012000 2048.000000 1024.000000
0.008000 2048.000000 1024.000000
