#T eMean sigmaE mMean sigmaM 
0.004000 1920.000000 0.000000 320.000000 0.000000
0.008000 1920.000000 0.000000 320.000000 0.000000
0.012000 1920.000000 0.000000 320.000000 0.000000
0.016000 1920.000000 0.000000 320.000000 0.000000
0.020000 1920.000000 0.000000 320.000000 0.000000
0.024000 1920.000000 0.000000 320.000000 0.000000
0.028000 1920.000000 0.000000 320.000000 0.000000
0.032000 1920.000000 0.000000 320.000000 0.000000
0.036000 1920.000000 0.000000 320.000000 0.000000
0.040000 1920.000000 0.000000 320.000000 0.000000
0.044000 1920.000000 0.000000 320.000000 0.000000
0.048000 1920.000000 0.000000 320.000000 0.000000
0.052000 1920.000000 0.000000 320.000000 0.000000
0.056000 1920.000000 0.000000 320.000000 0.000000
0.060000 1920.000000 0.000000 320.000000 0.000000
0.064000 1920.000000 0.000000 320.000000 0.000000
0.068000 1920.000000 0.000000 320.000000 0.000000
0.072000 1920.000000 0.000000 320.000000 0.000000
0.076000 1920.000000 0.000000 320.000000 0.000000
0.080000 1920.000000 0.000000 320.000000 0.000000
0.084000 1920.000000 0.000000 320.000000 0.000000
0.088000 1920.000000 0.000000 320.000000 0.000000
0.092000 1920.000000 0.000000 320.000000 0.000000
0.096000 1920.000000 0.000000 320.000000 0.000000
0.100000 1920.000000 0.000000 320.000000 0.000000
0.104000 1920.000000 0.000000 320.000000 0.000000
0.108000 1920.000000 0.000000 320.000000 0.000000
0.112000 1920.000000 0.000000 320.000000 0.000000
0.116000 1920.000000 0.000000 320.000000 0.000000
0.120000 1920.000000 0.000000 320.000000 0.000000
0.124000 1920.000000 0.000000 320.000000 0.000000
0.128000 1920.000000 0.000000 320.000000 0.000000
0.132000 1920.000000 0.000000 320.000000 0.000000
0.136000 1920.000000 0.000000 320.000000 0.000000
0.140000 1920.000000 0.000000 320.000000 0.000000
0.144000 1920.000000 0.000000 320.000000 0.000000
0.148000 1920.000000 0.000000 320.000000 0.000000
0.152000 1920.000000 0.000000 320.000000 0.000000
0.156000 1920.000000 0.000000 320.000000 0.000000
0.160000 1920.000000 0.000000 320.000000 0.000000
0.164000 1920.000000 0.000000 320.000000 0.000000
0.168000 1920.000000 0.000000 320.000000 0.000000
0.172000 1920.000000 0.000000 320.000000 0.000000
0.176000 1920.000000 0.000000 320.000000 0.000000
0.180000 1920.000000 0.000000 320.000000 0.000000
0.184000 1920.000000 0.000000 320.000000 0.000000
0.188000 1920.000000 0.000000 320.000000 0.000000
0.192000 1920.000000 0.000000 320.000000 0.000000
0.196000 1920.000000 0.000000 320.000000 0.000000
0.200000 1920.000000 0.000000 320.000000 0.000000
0.204000 1920.000000 0.000000 320.000000 0.000000
0.208000 1920.000000 0.000000 320.000000 0.000000
0.212000 1920.000000 0.000000 320.000000 0.000000
0.216000 1920.000000 0.000000 320.000000 0.000000
0.220000 1920.000000 0.000000 320.000000 0.000000
0.224000 1920.000000 0.000000 320.000000 0.000000
0.228000 1920.000000 0.000000 320.000000 0.000000
0.232000 1920.000000 0.000000 320.000000 0.000000
0.236000 1920.000000 0.000000 320.000000 0.000000
0.240000 1920.000000 0.000000 320.000000 0.000000
0.244000 1920.000000 0.000000 320.000000 0.000000
0.248000 1920.000000 0.000000 320.000000 0.000000
0.252000 1920.000000 0.000000 320.000000 0.000000
0.256000 1920.000000 0.000000 320.000000 0.000000
0.260000 1920.000000 0.000000 320.000000 0.000000
0.264000 1920.000000 0.000000 320.000000 0.000000
0.268000 1920.000000 0.000000 320.000000 0.000000
0.272000 1920.000000 0.000000 320.000000 0.000000
0.276000 1920.000000 0.000000 320.000000 0.000000
0.280000 1920.000000 0.000000 320.000000 0.000000
0.284000 1920.000000 0.000000 320.000000 0.000000
0.288000 1920.000000 0.000000 320.000000 0.000000
0.292000 1920.000000 0.000000 320.000000 0.000000
0.296000 1920.000000 0.000000 320.000000 0.000000
0.300000 1920.000000 0.000000 345.599976 983.063110
0.304000 1920.000000 0.000000 383.999969 0.023438
0.308000 1920.000000 0.000000 390.399963 368.681091
0.312000 1919.599976 1.433730 448.999939 9.070435
0.316000 1920.000000 0.000000 447.999939 0.070312
0.320000 1920.000000 0.000000 460.799988 655.386902
0.324000 1920.000000 0.000000 512.000061 -0.031250
0.328000 1920.000000 0.000000 512.000061 -0.031250
0.332000 1920.000000 0.000000 479.999939 1024.089844
0.336000 1920.000000 0.000000 505.600037 368.634216
0.340000 1920.000000 0.000000 512.000061 -0.031250
0.344000 1919.599976 1.433730 511.800049 0.335020
0.348000 1919.599976 1.433730 513.000061 8.968628
0.352000 1920.000000 0.000000 556.800049 860.080627
0.356000 1920.000000 0.000000 556.799988 860.148621
0.360000 1920.000000 0.000000 556.800049 860.111877
0.364000 1919.599976 1.433730 477.599945 922.323730
0.368000 1919.599976 1.433730 373.600006 3738.222900
0.372000 1920.000000 0.000000 447.999939 0.070312
0.376000 1920.000000 0.000000 396.799957 655.387634
0.380000 1919.199951 2.547422 373.599976 420.667603
0.384000 1920.000000 0.000000 326.399994 2826.247070
0.388000 1920.000000 0.000000 403.199951 860.190002
0.392000 1920.000000 0.000000 358.399994 983.045959
0.396000 1919.599976 1.433730 368.199951 1478.795898
0.400000 1919.599976 1.433730 334.999969 1999.426636
0.404000 1919.199951 2.547422 163.399979 9825.650391
0.408000 1918.400024 3.846328 72.800003 1121.759644
0.412000 1920.000000 0.000000 51.200005 655.359802
0.416000 1920.000000 0.000000 198.399994 8560.645508
0.420000 1919.599976 1.433730 320.200012 0.350620
0.424000 1919.199951 2.547422 365.800049 5963.527344
0.428000 1919.199951 2.547422 257.800018 8190.751953
0.432000 1919.599976 1.433730 416.799988 1900.176392
0.436000 1919.199951 2.547422 356.199982 894.768372
0.440000 1918.399902 7.314688 415.999969 1917.634766
0.444000 1919.199951 2.547422 422.200012 16280.352539
0.448000 1919.599976 1.433730 289.200012 1113.759155
0.452000 1918.000000 4.000000 559.400024 10026.424805
0.456000 1919.199951 6.047422 617.799988 3283.550049
0.460000 1917.599854 7.551797 526.799988 2592.991699
0.464000 1918.000000 4.000000 592.000000 2372.781250
0.468000 1969.600220 4105.724609 853.800049 20755.539062
0.472000 2048.000244 -0.500000 1024.000122 -0.125000
0.476000 2048.000244 -0.500000 1024.000122 -0.125000
0.480000 2048.000244 -0.500000 1024.000122 -0.125000
0.484000 2048.000244 -0.500000 1024.000122 -0.125000
0.488000 2048.000244 -0.500000 1024.000122 -0.125000
0.492000 2048.000244 -0.500000 1024.000122 -0.125000
0.496000 2048.000244 -0.500000 1024.000122 -0.125000
0.500000 2048.000244 -0.500000 1024.000122 -0.125000
0.504000 2048.000244 -0.500000 1024.000122 -0.125000
0.508000 2048.000244 -0.500000 1024.000122 -0.125000
0.512000 2048.000244 -0.500000 1024.000122 -0.125000
0.516000 2048.000244 -0.500000 1024.000122 -0.125000
0.520000 2048.000244 -0.500000 1024.000122 -0.125000
0.524000 2048.000244 -0.500000 1024.000122 -0.125000
0.528000 2048.000244 -0.500000 1024.000122 -0.125000
0.532000 2048.000244 -0.500000 1024.000122 -0.125000
0.536000 2048.000244 -0.500000 1024.000122 -0.125000
0.540000 2048.000244 -0.500000 1024.000122 -0.125000
0.544000 2048.000244 -0.500000 1024.000122 -0.125000
0.548000 2048.000244 -0.500000 1024.000122 -0.125000
0.552000 2048.000244 -0.500000 1024.000122 -0.125000
0.556000 2048.000244 -0.500000 1024.000122 -0.125000
0.560000 2048.000244 -0.500000 1024.000122 -0.125000
0.564000 2048.000244 -0.500000 1024.000122 -0.125000
0.568000 2048.000244 -0.500000 1024.000122 -0.125000
0.572000 2048.000244 -0.500000 1024.000122 -0.125000
0.576000 2048.000244 -0.500000 1024.000122 -0.125000
0.580000 2048.000244 -0.500000 1024.000122 -0.125000
0.584000 2048.000244 -0.500000 1024.000122 -0.125000
0.588000 2048.000244 -0.500000 1024.000122 -0.125000
0.592000 2048.000244 -0.500000 1024.000122 -0.125000
0.596000 2048.000244 -0.500000 1024.000122 -0.125000
0.600000 2048.000244 -0.500000 1024.000122 -0.125000
0.604000 2048.000244 -0.500000 1024.000122 -0.125000
0.608000 2048.000244 -0.500000 1024.000122 -0.125000
0.612000 2048.000244 -0.500000 1024.000122 -0.125000
0.616000 2048.000244 -0.500000 1024.000122 -0.125000
0.620000 2047.200195 5.360312 1023.800110 0.210044
0.624000 2048.000244 -0.500000 1024.000122 -0.125000
0.628000 2048.000244 -0.500000 1024.000122 -0.125000
0.632000 2047.200195 5.360312 1023.800110 0.210044
0.636000 2048.000244 -0.500000 1024.000122 -0.125000
0.640000 2048.000244 -0.500000 1024.000122 -0.125000
0.644000 2048.000244 -0.500000 1024.000122 -0.125000
0.648000 2048.000244 -0.500000 1024.000122 -0.125000
0.652000 2048.000244 -0.500000 1024.000122 -0.125000
0.656000 2048.000244 -0.500000 1024.000122 -0.125000
0.660000 2048.000244 -0.500000 1024.000122 -0.125000
0.664000 2048.000244 -0.500000 1024.000122 -0.125000
0.668000 2048.000244 -0.500000 1024.000122 -0.125000
0.672000 2048.000244 -0.500000 1024.000122 -0.125000
0.676000 2048.000244 -0.500000 1024.000122 -0.125000
0.680000 2048.000244 -0.500000 1024.000122 -0.125000
0.684000 2048.000244 -0.500000 1024.000122 -0.125000
0.688000 2048.000244 -0.500000 1024.000122 -0.125000
0.692000 2048.000244 -0.500000 1024.000122 -0.125000
0.696000 2048.000244 -0.500000 1024.000122 -0.125000
0.700000 2047.200195 5.360312 1023.800110 0.210044
0.704000 2048.000244 -0.500000 1024.000122 -0.125000
0.708000 2048.000244 -0.500000 1024.000122 -0.125000
0.712000 2048.000244 -0.500000 1024.000122 -0.125000
0.716000 2048.000244 -0.500000 1024.000122 -0.125000
0.720000 2048.000244 -0.500000 1024.000122 -0.125000
0.724000 2048.000244 -0.500000 1024.000122 -0.125000
0.728000 2048.000244 -0.500000 1024.000122 -0.125000
0.732000 2048.000244 -0.500000 1024.000122 -0.125000
0.736000 2048.000244 -0.500000 1024.000122 -0.125000
0.740000 2048.000244 -0.500000 1024.000122 -0.125000
0.744000 2048.000244 -0.500000 1024.000122 -0.125000
0.748000 2048.000244 -0.500000 1024.000122 -0.125000
0.752000 2048.000244 -0.500000 1024.000122 -0.125000
0.756000 2048.000244 -0.500000 1024.000122 -0.125000
0.760000 2047.200195 5.360312 1023.800110 0.210044
0.764000 2048.000244 -0.500000 1024.000122 -0.125000
0.768000 2047.200195 5.360312 1023.800110 0.210044
0.772000 2048.000244 -0.500000 1024.000122 -0.125000
0.776000 2048.000244 -0.500000 1024.000122 -0.125000
0.780000 2047.200195 5.360312 1023.800110 0.210044
0.784000 2047.200195 5.360312 1023.800110 0.210044
0.788000 2048.000244 -0.500000 1024.000122 -0.125000
0.792000 2048.000244 -0.500000 1024.000122 -0.125000
0.796000 2048.000244 -0.500000 1024.000122 -0.125000
0.800000 2047.200195 5.360312 1023.800110 0.210044
0.804000 2047.200195 5.360312 1023.800110 0.210044
0.808000 2048.000244 -0.500000 1024.000122 -0.125000
0.812000 2047.200195 5.360312 1023.800110 0.210044
0.816000 2048.000244 -0.500000 1024.000122 -0.125000
0.820000 2048.000244 -0.500000 1024.000122 -0.125000
0.824000 2047.200195 5.360312 1023.800110 0.272544
0.828000 2048.000244 -0.500000 1024.000122 -0.125000
0.832000 2048.000244 -0.500000 1024.000122 -0.125000
0.836000 2047.200195 5.360312 1023.800110 0.210044
0.840000 2048.000244 -0.500000 1024.000122 -0.125000
0.844000 2048.000244 -0.500000 1024.000122 -0.125000
0.848000 2048.000244 -0.500000 1024.000122 -0.125000
0.852000 2048.000244 -0.500000 1024.000122 -0.125000
0.856000 2045.600098 13.240469 1023.400085 0.640103
0.860000 2045.600098 13.240469 1023.400085 0.765103
0.864000 2046.400146 9.940469 1023.600098 0.527578
0.868000 2046.000122 16.750488 1023.400085 1.515103
0.872000 2046.400146 9.940469 1023.600098 0.465078
0.876000 2047.200195 5.360312 1023.800110 0.210044
0.880000 2047.200195 5.360312 1023.800110 0.210044
0.884000 2045.600098 26.240469 1023.400085 1.515103
0.888000 2048.000244 -0.500000 1024.000122 -0.125000
0.892000 2046.400146 9.940469 1023.600098 0.465078
0.896000 2047.200195 5.360312 1023.800110 0.272544
0.900000 2048.000244 -0.500000 1024.000122 -0.125000
0.904000 2045.600098 13.240469 1023.400085 0.640103
0.908000 2045.600098 26.240469 1023.400085 1.515103
0.912000 2046.400146 9.940469 1023.600098 0.527578
0.916000 2044.800049 28.260313 1023.200073 1.610117
0.920000 2048.000244 -0.500000 1024.000122 -0.125000
0.924000 2048.000244 -0.500000 1024.000122 -0.125000
0.928000 2048.000244 -0.500000 1024.000122 -0.125000
0.932000 2047.200195 5.360312 1023.800110 0.272544
0.936000 2046.000122 16.500488 1023.400085 1.515103
0.940000 2044.800049 15.260312 1023.200073 0.860117
0.944000 2045.600098 13.240469 1023.400085 0.702603
0.948000 2044.800049 28.260313 1023.200073 1.672617
0.952000 2045.600098 13.240469 1023.400085 0.702603
0.956000 2046.400146 9.940469 1023.600098 0.465078
0.960000 2042.400146 13.141641 1022.600098 0.665273
0.964000 2047.200195 5.360312 1023.800110 0.210044
0.968000 2045.600098 13.240469 1023.400085 0.702603
0.972000 2047.200195 5.360312 1023.800110 0.210044
0.976000 2044.800049 15.260312 1023.200073 0.735117
0.980000 2044.000122 41.500977 1023.000061 2.500122
0.984000 2047.200195 5.360312 1023.800110 0.210044
0.988000 2044.800171 27.761093 1023.200073 1.672617
0.992000 2046.400146 9.940469 1023.600098 0.527578
0.996000 2043.600098 33.140858 1022.800049 2.497617
1.000000 2047.200195 5.360312 1023.800110 0.272544
1.004000 2044.400146 39.541054 1023.000061 3.250122
1.008000 2046.400146 9.940469 1023.600098 0.527578
1.012000 2045.600098 13.240469 1023.400085 0.702603
1.016000 2044.000122 28.500977 1023.000122 1.625244
1.020000 2044.000122 28.750977 1023.000061 1.750122
1.024000 2046.400146 9.940469 1023.600098 0.527578
1.028000 2045.200195 18.911095 1023.200073 1.672617
1.032000 2041.599976 36.039688 1022.400085 2.065274
1.036000 2039.999878 64.748047 1022.000061 3.812744
1.040000 2044.800171 27.761093 1023.200073 1.672617
1.044000 2044.000122 15.750977 1023.000122 0.812744
1.048000 2042.400024 39.140274 1022.600037 2.352602
1.052000 2043.200195 14.961875 1022.800110 0.747764
1.056000 2040.800049 31.160704 1022.200073 1.760264
1.060000 2045.600098 13.240469 1023.400085 0.765103
1.064000 2046.400146 9.940469 1023.600098 0.527578
1.068000 2044.000000 29.000000 1023.000061 1.687622
1.072000 2044.000122 28.500977 1023.000061 1.687622
1.076000 2044.000000 29.000000 1023.000061 1.625122
1.080000 2037.599976 52.089493 1021.200012 4.972569
1.084000 2041.599976 36.289688 1022.400085 2.127774
1.088000 2040.800049 31.410704 1022.200073 1.822764
1.092000 2041.600098 70.791252 1021.800110 12.160483
1.096000 2036.800049 92.061096 1021.000061 8.062866
1.100000 2041.599854 36.538124 1022.400024 2.127578
1.104000 2042.400146 38.641640 1022.600037 2.352602
1.108000 2042.400146 38.891640 1022.600098 2.290273
1.112000 2042.400146 41.891640 1022.400085 3.690274
1.116000 2044.800171 15.011094 1023.200073 0.860117
1.120000 2040.400024 110.490372 1022.000061 7.937744
1.124000 2039.200073 82.311287 1021.800049 5.035215
1.128000 2039.600098 45.941639 1021.800049 3.472715
1.132000 2039.200073 82.061287 1021.800049 5.035215
1.136000 2042.000122 29.251465 1022.400085 2.065274
1.140000 2041.600098 48.291248 1022.400085 2.815274
1.144000 2036.799927 79.558357 1021.200012 4.972569
1.148000 2038.000122 112.502441 1021.400024 7.990127
1.152000 2035.200073 104.911873 1020.600037 8.002749
1.156000 2039.200073 82.311287 1021.800049 5.035215
1.160000 2040.800049 18.660704 1022.200073 0.947764
1.164000 2041.600098 35.791248 1022.400085 2.127774
1.168000 2038.400024 39.090469 1021.400024 3.177627
1.172000 2042.400024 39.390274 1022.600098 2.290273
1.176000 2041.599976 61.539688 1022.400024 3.752578
1.180000 2037.199951 77.108948 1021.200012 4.910069
1.184000 2034.800171 102.014511 1020.600037 7.190249
1.188000 2034.400024 86.790665 1020.399963 6.289736
1.192000 2037.599976 52.089493 1021.400024 3.177627
1.196000 2037.999878 36.497559 1021.400024 2.365127
1.200000 2037.600098 77.092033 1021.400024 4.802627
1.204000 2028.800049 66.611877 1019.200012 4.085117
1.208000 2031.199951 95.758362 1019.800049 5.797910
1.212000 2037.599976 51.839493 1021.400024 3.115127
1.216000 2036.800049 28.061094 1021.200073 1.535410
1.220000 2034.799927 58.258068 1020.600037 3.940249
1.224000 2032.800049 69.461487 1020.200012 4.247593
1.228000 2033.199829 97.204941 1020.200012 6.685093
1.232000 2027.999878 106.495117 1018.800049 8.898007
1.236000 2038.000000 55.500000 1021.400024 3.990127
1.240000 2034.400024 99.790665 1020.400024 6.852676
1.244000 2034.799927 138.258072 1020.400085 10.915615
1.248000 2036.000122 108.502930 1020.600037 10.377749
1.252000 2033.600098 192.642807 1020.200073 13.810556
1.256000 2035.199951 70.158752 1020.600037 5.440249
1.260000 2033.599976 371.889282 1020.200012 25.935093
1.264000 2028.000000 157.000000 1019.000000 9.750000
1.268000 2032.799927 67.207771 1020.000061 4.625488
1.272000 2022.800171 143.468613 1017.000000 14.562500
1.276000 2033.600098 38.642811 1020.200012 2.685093
1.280000 2033.999878 116.496582 1020.200073 8.935556
1.284000 2028.399902 168.336166 1019.000061 11.313110
1.288000 2028.000000 294.750000 1018.600037 22.340395
1.292000 2031.599976 113.289200 1019.599976 7.889785
1.296000 2022.000000 170.250000 1017.399963 11.377017
1.300000 2022.800049 70.462463 1017.200012 6.510166
1.304000 2018.000000 253.750000 1016.000000 21.625000
1.308000 2034.399780 113.534027 1020.400024 8.602675
1.312000 2021.199951 208.507385 1016.999939 13.936646
1.316000 2023.999878 141.744141 1018.000061 8.688232
1.320000 2025.200073 140.413345 1017.000000 18.625000
1.324000 2020.799927 211.156021 1016.799988 17.784824
1.328000 2026.399902 110.185783 1018.200012 8.360142
1.332000 2024.400024 241.291153 1017.599976 19.102188
1.336000 2022.400024 320.641235 1016.799988 36.909824
1.340000 2032.000000 137.500000 1019.800049 10.610410
1.344000 2027.199951 127.857971 1018.599976 8.839736
1.348000 2024.000122 271.505859 1017.600037 22.102968
1.352000 2024.400024 279.791138 1017.599976 17.477188
1.356000 2023.599976 228.638809 1017.400024 19.127823
1.360000 2020.799927 332.406006 1016.400024 24.552872
1.364000 2026.799927 64.306892 1018.599976 4.902236
1.368000 2028.000000 192.250000 1018.200012 25.922642
1.372000 2022.799927 227.956314 1017.400024 15.190322
1.376000 2016.800049 280.563049 1015.800049 20.135801
1.380000 2008.400146 289.101593 1013.600037 22.215761
1.384000 2023.600098 173.644760 1017.399963 16.064516
1.388000 2015.599976 263.988403 1014.999939 24.436401
1.392000 2020.399902 129.734604 1016.799988 9.784824
1.396000 2013.999878 202.741699 1014.800049 24.860899
1.400000 2006.800049 371.314026 1012.400024 30.190567
1.404000 2012.400146 119.400429 1014.799988 8.172276
1.408000 2015.999878 144.492188 1015.799988 10.822300
1.412000 2017.600098 99.595940 1015.800049 5.885801
1.416000 2012.800049 177.963440 1014.599915 18.575893
1.420000 2016.399902 171.183823 1015.399963 19.351870
1.424000 2016.400024 180.441544 1015.199951 16.246641
1.428000 2014.799805 177.247025 1014.799988 17.797276
1.432000 2011.599854 229.279343 1014.200012 18.835239
1.436000 2015.199951 185.406799 1015.199951 15.434140
1.440000 2004.000000 246.250000 1011.000000 49.000000
1.444000 2008.799927 211.104263 1013.199951 19.421446
1.448000 2011.199951 271.506409 1013.400024 24.015518
1.452000 2013.199951 237.206604 1014.399963 18.276796
1.456000 2006.800049 649.314026 1013.000000 47.312500
1.460000 2008.400024 132.091934 1013.399963 12.139224
1.464000 1994.000000 295.500000 1009.000061 22.501831
1.468000 2012.000000 265.250000 1014.399963 23.089296
1.472000 2002.400024 282.142212 1011.399963 20.864077
1.476000 1998.400024 384.592407 1010.399963 26.351503
1.480000 2006.799927 387.553955 1012.400024 42.253067
1.484000 2001.599854 318.026398 1011.000000 36.187500
1.488000 2003.599976 452.637817 1011.799988 33.972202
1.492000 1994.800049 365.015198 1009.600037 27.016054
1.496000 1984.400024 676.293091 1007.399963 48.938786
1.500000 1989.999878 615.485840 1008.599976 50.464249
1.504000 1999.600098 634.199463 1010.599915 57.812710
1.508000 1983.600098 996.152588 1006.799927 72.282478
1.512000 1997.200073 268.367432 1010.199951 23.683653
1.516000 1989.599854 916.422913 1007.600037 88.541199
1.520000 2002.799927 762.203369 1011.399963 56.864079
1.524000 1992.400024 254.392715 1008.799927 25.895273
1.528000 1997.200073 435.117432 1010.400024 33.415665
1.532000 1991.599854 421.523468 1008.000061 39.876953
1.536000 1992.000000 128.000000 1008.400024 14.890761
1.540000 1988.400024 535.592896 1007.600037 56.603703
1.544000 1998.799927 109.352791 1010.199951 13.246152
1.548000 1991.599976 577.537231 1007.599976 73.476700
1.552000 1983.200073 335.219482 1006.200073 35.350109
1.556000 2001.599976 186.287735 1011.400024 15.990615
1.560000 1990.800049 655.665588 1007.200012 60.072910
1.564000 1985.599976 800.986938 1007.000000 66.625000
1.568000 1976.399902 145.676010 1003.200073 24.925547
1.572000 1985.600098 185.752182 1007.599976 14.289199
1.576000 1985.599976 548.236938 1006.200012 75.472931
1.580000 1980.399902 670.726807 1004.799988 71.359528
1.584000 1968.000000 614.500000 1001.599976 50.363907
1.588000 1982.400024 637.143188 1006.399963 52.613712
1.592000 1971.599854 264.517609 1001.799988 50.846958
1.596000 1973.199951 211.702698 1002.200012 31.510532
1.600000 1983.600098 567.402588 1005.799927 55.694836
1.604000 1978.800171 501.883667 1003.600037 46.091496
1.608000 1972.000122 233.268555 1002.799988 18.621983
1.612000 1977.199951 323.603088 1004.199951 26.833067
1.616000 1962.400146 1046.415039 999.199951 116.270081
1.620000 1960.000000 774.000000 998.599976 74.526260
1.624000 1977.199951 570.103088 1004.800049 50.486874
1.628000 1979.199951 242.803284 1004.599976 16.889053
1.632000 1953.199951 937.950745 997.400024 107.066299
1.636000 1963.199951 815.701721 1000.200012 75.435577
1.640000 1956.400024 519.694458 997.199951 67.507385
1.644000 1958.399902 551.572510 997.400024 68.753799
1.648000 1972.000000 531.000000 1001.800049 54.599667
1.652000 1962.000122 439.020996 998.999939 38.746948
1.656000 1967.599976 539.086060 1000.999939 60.184692
1.660000 1950.800049 1170.669434 995.400024 113.666397
1.664000 1969.199951 499.802307 1000.799988 65.759430
1.668000 1942.799805 1246.168945 993.600037 114.154724
1.672000 1963.200073 356.972412 1000.799927 37.131603
1.676000 1963.999878 400.479492 999.200012 69.773102
1.680000 1960.800049 395.918518 998.400085 59.769375
1.684000 1958.800049 1148.618652 998.600037 116.654358
1.688000 1939.599976 522.934692 990.000000 53.562500
1.692000 1933.200073 1634.726807 991.199951 148.219299
1.696000 1929.600098 829.463135 988.199951 107.669006
1.700000 1954.399902 1313.271729 996.399963 131.050476
1.704000 1949.599976 503.185181 995.200012 50.498203
1.708000 1921.199951 1660.747559 986.399963 247.112244
1.712000 1946.400024 1283.944946 994.200012 124.273224
1.716000 1947.199951 518.100159 995.800049 50.637753
1.720000 1936.000000 1337.250000 990.400024 258.291626
1.724000 1922.799927 707.691650 986.400024 42.116837
1.728000 1927.200073 530.127686 986.800049 53.663631
1.732000 1932.800171 1131.249390 989.600037 137.330017
1.736000 1928.000000 1292.750000 988.600037 139.967590
1.740000 1928.800171 1771.650757 987.400024 269.566772
1.744000 1930.799927 2109.142822 987.999939 316.183105
1.748000 1915.599976 801.733521 983.400024 125.579483
1.752000 1931.600098 1354.812744 989.199951 175.456604
1.756000 1920.000122 1097.281250 987.999939 100.120605
1.760000 1925.199951 1072.647949 988.400024 95.016739
1.764000 1912.000000 1020.500000 982.199951 96.505920
1.768000 1912.400024 1178.896606 981.200012 230.536041
1.772000 1920.000000 1379.250000 986.400024 163.741837
1.776000 1904.400024 1108.546997 980.000000 195.937500
1.780000 1912.799927 1215.690186 983.000061 139.380005
1.784000 1931.999878 1005.471680 988.400024 163.829239
1.788000 1900.000122 1148.286133 978.000000 176.000000
1.792000 1911.599976 798.033325 982.000000 116.750000
1.796000 1898.800049 652.624573 978.000061 98.318115
1.800000 1879.199951 2300.043457 969.399963 611.273499
1.804000 1923.599854 680.353577 987.399963 101.812317
1.808000 1891.199951 1333.994629 975.600037 260.631042
1.812000 1920.399902 542.465088 985.799988 91.571564
1.816000 1906.800171 662.108276 982.199951 103.630920
1.820000 1890.000000 2659.750000 971.000000 889.000000
1.824000 1883.199951 1628.443848 969.599976 353.512329
1.828000 1885.200073 2623.683838 968.799988 511.333649
1.832000 1893.599976 2019.632446 975.399963 328.223938
1.836000 1876.000000 1507.250000 973.399963 154.511292
1.840000 1891.200073 1288.782959 976.000000 167.250000
1.844000 1877.999878 890.958496 971.799988 82.033722
1.848000 1871.200073 1323.785889 968.999939 161.930786
1.852000 1875.200073 1947.685303 970.999939 269.868530
1.856000 1862.000122 3651.545410 961.199951 741.778870
1.860000 1876.400024 1716.948364 973.000061 229.693726
1.864000 1874.799927 845.234619 968.799988 235.333649
1.868000 1854.800049 1587.028809 963.600037 206.219421
1.872000 1887.199951 2553.094238 972.599976 253.724991
1.876000 1877.599854 1610.790039 970.800049 264.015198
1.880000 1855.200073 1797.438232 960.599915 371.429169
1.884000 1850.400024 2125.249756 960.000000 400.000000
1.888000 1839.199951 2316.539551 958.399963 251.072693
1.892000 1890.400024 851.997681 972.799927 172.302505
1.896000 1859.199951 1567.541504 964.000061 259.882324
1.900000 1836.400146 1533.501953 960.399963 160.660339
1.904000 1877.599854 804.290100 970.000000 167.937500
1.908000 1862.800049 1068.728027 963.800049 322.653381
1.912000 1844.800171 2642.079346 959.199951 418.578674
1.916000 1842.799927 1510.679932 953.599976 358.336548
1.920000 1855.599976 2590.480713 961.200012 387.349030
1.924000 1865.200073 934.436768 962.999939 190.742554
1.928000 1834.799927 1897.978760 954.799927 445.037354
1.932000 1827.999878 2090.196289 953.200012 439.361725
1.936000 1839.600098 2154.730713 951.599976 597.486450
1.940000 1837.999878 1924.698730 950.800049 652.142151
1.944000 1820.800049 1535.432129 948.799988 333.708160
1.948000 1827.200195 1662.696289 953.599976 220.711563
1.952000 1813.199951 2221.437012 950.000000 276.812500
1.956000 1829.599854 1722.875977 954.000000 289.562500
1.960000 1825.600098 1843.533447 951.399963 348.859680
1.964000 1774.799927 1069.219971 924.800049 488.057190
1.968000 1768.400024 2475.103760 928.000000 428.875000
1.972000 1804.800049 1778.533691 941.400024 341.681519
1.976000 1806.400024 2592.701904 947.400024 374.381226
1.980000 1810.800171 3452.240967 941.399963 631.233948
1.984000 1788.399902 4206.539062 937.400024 772.069214
1.988000 1806.399902 1268.392822 938.400024 225.394180
1.992000 1791.999878 3251.687500 939.400024 472.031616
1.996000 1819.599854 1441.873047 946.200012 357.161896
2.000000 1812.800049 4328.482910 943.000000 1037.000000
2.004000 1801.600098 3866.338135 936.399963 1107.108643
2.008000 1755.599976 4372.475586 920.400024 762.920044
2.012000 1807.199951 949.586487 944.600098 315.905518
2.016000 1757.599854 4666.754883 922.400024 917.444946
2.020000 1762.800049 5910.237793 928.199951 1127.663086
2.024000 1765.600098 4890.044922 920.599976 992.059937
2.028000 1765.599976 1306.226196 912.400085 826.021545
2.032000 1752.000000 2121.750000 923.799988 462.832550
2.036000 1747.200073 3179.654053 913.400024 1201.645386
2.040000 1781.599854 3277.961914 925.799988 1206.757568
2.044000 1779.199951 5490.533691 923.400024 2228.770020
2.048000 1751.999878 1107.427734 923.599976 260.647583
2.052000 1716.000000 2915.500000 901.799927 1329.267090
2.056000 1766.400024 1037.703735 915.800049 163.458069
2.060000 1744.400024 7124.304688 917.200012 1376.200073
2.064000 1710.400024 4573.506348 893.600037 1397.412109
2.068000 1733.599976 2560.874756 908.199951 1160.473633
2.072000 1741.599854 2788.450195 913.600037 722.223083
2.076000 1730.000000 2544.750000 913.399963 836.944397
2.080000 1670.000000 2768.750000 861.199951 2197.019043
2.084000 1728.799927 2524.313232 910.599915 634.545593
2.088000 1696.399902 3256.371338 869.800049 8023.375000
2.092000 1694.399902 2084.220947 895.200012 524.938171
2.096000 1696.000122 3401.085938 890.000000 1108.750000
2.100000 1666.800049 5024.097168 870.000000 2270.437500
2.104000 1728.800049 1867.891113 900.000061 966.265137
2.108000 1713.199951 4310.677246 891.399963 1273.605347
2.112000 1690.799927 5936.107910 883.800049 1543.536133
2.116000 1701.200073 3180.560791 893.400024 950.396362
2.120000 1685.600220 3619.399170 876.400024 1250.997192
2.124000 1659.599854 3099.576172 864.799988 1514.606079
2.128000 1643.599854 3877.021484 856.599915 1102.523926
2.132000 1676.800049 4421.596191 881.599976 1501.483032
2.136000 1662.000122 2384.594238 871.799988 1164.406250
2.140000 1702.000122 2026.084473 878.600037 1090.413208
2.144000 1664.400146 1453.652344 879.799988 535.606506
2.148000 1658.000000 4151.000000 853.999939 3718.416748
2.152000 1638.000000 2746.250000 853.599915 1684.060913
2.156000 1609.200073 11276.624023 804.799988 13252.166992
2.160000 1658.000000 1940.000000 864.000000 2088.000000
2.164000 1618.000122 5158.604980 849.800049 558.689514
2.168000 1621.600098 4377.873047 845.799988 1321.943115
2.172000 1622.800049 3862.501465 851.000000 3796.250000
2.176000 1658.000122 8237.344727 843.000061 9469.647461
2.180000 1614.800049 11212.802734 830.599976 5828.055664
2.184000 1614.800049 10406.302734 840.800049 4174.465332
2.188000 1587.199951 5417.314941 820.400024 4767.799805
2.192000 1562.400024 4118.913574 787.799988 6727.554199
2.196000 1618.400024 2032.610962 843.799988 1746.018066
2.200000 1605.600098 5961.826172 841.000000 2005.812500
2.204000 1568.799927 4386.790039 791.800049 3511.495117
2.208000 1566.000000 6311.250000 790.000000 4622.437500
2.212000 1557.599976 3405.566162 757.599976 5184.651855
2.216000 1503.199951 15436.157227 716.399963 27344.716797
2.220000 1548.799927 13378.787109 765.000000 20875.437500
2.224000 1524.400146 7565.693359 723.200012 21563.367188
2.228000 1546.000000 5200.500000 746.800049 26836.875000
2.232000 1567.599976 5332.816406 801.799988 3801.154541
2.236000 1538.000000 19984.750000 754.799988 31597.791016
2.240000 1551.599976 16651.015625 765.399963 17181.708984
2.244000 1526.400024 11689.965820 720.200012 21433.943359
2.248000 1522.000000 5236.000000 761.000000 1829.000000
2.252000 1440.000000 13388.875000 692.599976 9802.492188
2.256000 1438.000000 17428.000000 575.599976 80491.859375
2.260000 1513.599976 7856.613770 717.600037 20160.562500
2.264000 1408.799927 20882.765625 618.000000 38064.812500
2.268000 1461.199951 14230.703125 628.000000 43864.812500
2.272000 1435.599976 16715.210938 589.599976 64494.273438
2.276000 1424.799927 9791.543945 618.399963 37110.296875
2.280000 1453.599854 9831.465820 705.799988 7720.377441
2.284000 1450.000000 8263.250000 585.799988 73058.750000
2.288000 1409.600098 11875.564453 559.000000 47944.218750
2.292000 1412.800049 6946.521973 618.999939 24591.451172
2.296000 1420.800049 13167.221680 639.799988 30306.789062
2.300000 1450.799927 8774.822266 636.000000 42743.187500
2.304000 1373.199951 5229.144043 497.000031 73552.968750
2.308000 1329.999878 9178.699219 390.799988 70992.164062
2.312000 1370.800049 12521.601562 621.000000 19898.593750
2.316000 1375.599976 7361.582031 475.200012 58307.355469
2.320000 1374.000000 4439.250000 537.400024 19649.619141
2.324000 1382.000000 6183.250000 486.200012 46751.546875
2.328000 1398.800049 16179.173828 589.799988 42343.566406
2.332000 1348.800049 11666.428711 541.799988 52837.179688
2.336000 1312.800049 4447.156738 401.399994 65176.855469
2.340000 1347.599976 2539.055908 513.200012 25296.154297
2.344000 1312.399902 4840.121094 403.799988 38621.960938
2.348000 1318.400024 14051.875977 263.800018 64691.550781
2.352000 1301.999878 8977.067383 461.399994 48878.453125
2.356000 1274.800049 7372.835449 393.799988 50923.570312
2.360000 1292.000000 3574.500000 305.999969 28645.613281
2.364000 1257.599976 6653.551270 365.799988 51430.773438
2.368000 1314.000122 7674.054199 422.799988 34697.765625
2.372000 1352.000000 11628.875000 548.799988 34172.167969
2.376000 1245.999878 5812.304199 342.200012 20430.746094
2.380000 1266.000000 7479.250000 392.600006 21277.625000
2.384000 1296.000122 6969.308594 397.199982 38368.972656
2.388000 1274.000000 6042.500000 416.200012 38958.738281
2.392000 1237.199951 7395.405762 289.600006 37452.632812
2.396000 1246.000000 9376.750000 356.000000 53226.406250
2.400000 1220.800049 7509.740723 337.000000 32529.796875
2.404000 1229.599976 4845.399902 312.399994 44871.835938
2.408000 1201.199951 14553.927734 296.399994 33681.441406
2.412000 1212.399902 7217.601562 325.600006 23639.035156
2.416000 1189.200073 6643.186035 267.999969 22288.820312
2.420000 1216.799927 5301.938477 253.800003 41341.160156
2.424000 1181.200073 7884.762207 241.200012 20544.156250
2.428000 1198.400024 5667.756348 280.600006 33146.441406
2.432000 1221.199951 5014.679199 293.199982 25116.974609
2.436000 1272.399902 6459.238281 342.800018 20560.943359
2.440000 1206.400024 5002.230957 229.000015 26365.796875
2.444000 1172.000000 10195.125000 278.799988 42922.566406
2.448000 1244.399902 10382.507812 411.000000 39630.593750
2.452000 1177.199951 2489.774902 247.000000 22289.804688
2.456000 1233.600098 5741.298828 262.399994 36902.242188
2.460000 1148.800049 6498.447754 279.799988 23899.568359
2.464000 1192.800049 4261.668457 230.400009 14275.828125
2.468000 1187.199951 8472.901367 220.000015 19083.197266
2.472000 1152.000000 6521.500000 159.000000 9706.601562
2.476000 1141.200073 3740.767822 177.800003 19953.958984
2.480000 1139.599976 9495.895508 263.000000 26062.601562
2.484000 1132.400024 5950.184570 206.000000 32085.601562
2.488000 1159.600098 2343.738525 243.000000 17391.398438
2.492000 1127.200073 3122.369873 212.199997 20200.361328
2.496000 1110.800049 3171.251465 260.000000 26080.804688
2.500000 1157.600098 5926.763672 313.199982 27092.169922
2.504000 1086.400024 4922.236816 151.199997 7344.160645
2.508000 1144.000000 2057.750000 253.399994 18840.037109
2.512000 1108.399902 4564.906250 222.600006 27745.634766
2.516000 1124.800049 3765.600098 202.800003 16337.760742
2.520000 1091.599976 2004.618286 148.800003 10745.758789
2.524000 1125.199951 5545.944824 250.000000 31719.203125
2.528000 1082.400024 2509.312256 151.600006 11759.836914
2.532000 1063.599976 2782.217041 125.000008 10598.597656
2.536000 1104.000000 3276.750000 184.600006 15916.037109
2.540000 1104.000000 5075.125000 204.399994 9751.044922
2.544000 1081.599976 3133.367920 193.000000 15804.195312
2.548000 1079.200073 3980.076904 173.199997 13848.959961
2.552000 1081.599976 3719.117920 189.600006 19839.833984
2.556000 1072.799927 2386.817139 134.399994 10456.641602
2.560000 1061.599976 4611.991699 94.799995 3032.960938
2.564000 1081.599976 2771.992920 172.800003 7540.956055
2.568000 1085.600098 6560.552734 150.800003 6121.759277
2.572000 1090.400024 2899.786865 156.399994 11893.444336
2.576000 1044.000000 3385.625000 148.200012 12633.956055
2.580000 1078.000000 7066.375000 139.200012 9954.555664
2.584000 1044.399902 6232.093750 153.199997 13716.956055
2.588000 1032.000000 2652.750000 147.399994 14317.640625
2.592000 1046.400024 4128.488770 206.600006 14972.835938
2.596000 1040.400024 4391.664062 174.599991 15612.838867
2.600000 1026.400024 2400.739990 105.199997 6684.159668
2.604000 1059.599976 3694.141846 166.199997 7341.959473
2.608000 1041.200073 2448.157471 173.000000 14498.593750
2.612000 1060.400024 3434.913330 152.199997 5143.561523
2.616000 1020.800049 4085.572754 129.600006 6681.437988
2.620000 999.199951 4261.832520 79.599998 3579.840332
2.624000 1042.000000 2516.125000 204.999985 18578.607422
2.628000 1038.800049 4803.333496 127.199989 15002.565430
2.632000 1033.199951 3516.985840 148.800003 11564.161133
2.636000 1013.599976 3987.839600 118.400002 7192.638672
2.640000 1016.799927 7087.534180 137.600006 13354.236328
2.644000 1018.000061 4106.250488 181.599991 17574.244141
2.648000 989.999939 2807.433350 122.400002 5078.239746
2.652000 1058.399902 6106.396484 111.000008 8997.798828
2.656000 991.200012 5592.973145 112.399994 4591.040039
2.660000 1016.000000 3574.437500 180.400009 11878.235352
2.664000 1002.800049 3584.062012 159.600006 6324.636719
2.668000 978.400024 1306.267212 92.599998 9099.240234
2.672000 1001.599976 2781.426514 130.000000 7432.800781
2.676000 1026.800049 5913.659668 138.399994 9243.839844
2.680000 1029.199951 3293.085449 151.199997 11233.759766
2.684000 1019.200012 7605.772461 145.599991 12900.642578
2.688000 972.799988 2901.808838 99.000008 7106.596191
2.692000 978.400085 5197.210449 126.399994 9962.241211
2.696000 982.000000 5517.562500 146.199997 20051.560547
2.700000 986.799988 6278.596680 83.800003 7193.159180
2.704000 990.799927 4403.567871 67.199997 1972.160400
2.708000 972.399963 4500.686035 200.199997 3046.761963
2.712000 984.799988 6101.858887 110.000000 5211.201172
2.716000 975.200012 3788.123779 131.000000 9651.400391
2.720000 977.200012 2841.761230 94.000000 5798.399414
2.724000 962.800049 2544.128418 106.200005 8087.561035
2.728000 936.399963 6196.733398 124.199997 13003.561523
2.732000 935.599976 3342.373291 147.000000 3947.400391
2.736000 944.400024 6334.218750 105.599998 1835.040771
2.740000 958.800049 4358.466309 101.399994 6038.440430
2.744000 986.399963 973.424744 138.000000 6514.400391
2.748000 902.000000 3472.750000 78.599998 2532.840088
2.752000 962.799988 2448.121094 138.199997 18012.363281
2.756000 964.000061 2761.507324 93.000000 3374.599609
2.760000 996.400024 4014.303955 131.600006 10667.038086
2.764000 917.199951 4998.562012 76.800003 3818.559326
2.768000 962.000000 4058.375000 104.600006 8300.038086
2.772000 918.400024 4157.457520 103.799995 4264.361816
2.776000 938.000061 4461.510254 117.599998 5439.839844
2.780000 893.599976 7005.520996 103.200005 3598.558838
2.784000 915.200073 2616.825928 135.999985 6568.804688
2.788000 939.999939 1180.989746 86.600006 3763.239746
2.792000 934.400024 4791.094238 168.599991 14984.042969
2.796000 945.199951 3181.052246 55.000000 2360.200195
2.800000 929.200012 3340.899902 100.199989 4640.363281
2.804000 910.799927 3494.680908 46.800003 2202.560059
2.808000 923.199951 2860.287598 129.000000 4073.000000
2.812000 919.599915 4183.997070 90.400002 6490.240234
2.816000 942.400024 2925.444092 96.399994 3347.842041
2.820000 893.600098 2720.490479 112.000000 7564.800781
2.824000 947.600037 5278.170410 60.400002 1861.439941
2.828000 904.799927 3497.092529 59.799999 3225.159912
2.832000 912.000000 3897.562500 120.600006 7818.439453
2.836000 922.000061 4400.699707 80.599998 4507.241699
2.840000 935.599976 6007.935547 113.800003 5608.359863
2.844000 912.799988 4767.369629 95.400002 5660.840820
2.848000 903.199951 4780.223145 119.599998 9484.641602
2.852000 875.200012 4268.063477 105.399994 4942.441895
2.856000 917.599976 3280.722412 73.799995 4230.761719
2.860000 917.599976 7114.284668 112.200005 11232.360352
2.864000 873.200012 3043.238770 87.599998 7590.241211
2.868000 910.000000 4832.875000 82.599998 4982.441406
2.872000 890.799988 4841.819336 99.400002 2351.238281
2.876000 903.599976 2849.396729 115.600006 5998.238281
2.880000 872.400024 4641.384766 113.000000 9791.400391
2.884000 898.400024 4986.145996 104.199997 4740.360840
2.888000 914.800049 7903.995605 111.199997 3219.362549
2.892000 876.000061 3718.330566 84.200005 3605.158936
2.896000 877.599915 3725.577393 97.600006 5413.438965
2.900000 885.199951 2006.671387 74.000000 5254.399414
2.904000 898.000000 5197.562500 111.000008 7181.000488
2.908000 879.599976 4225.507812 78.800003 1720.159180
2.912000 905.599915 2845.669678 86.799995 6436.960938
2.916000 902.399963 1952.681152 82.000000 1936.799805
2.920000 883.600037 1908.537842 128.799988 6166.562988
2.924000 884.799988 3541.794189 74.599998 1314.440308
2.928000 877.599976 3325.532959 129.200012 8941.756836
2.932000 852.400024 3755.010986 103.599998 4534.239746
2.936000 868.799988 1698.581177 122.200005 2157.158936
2.940000 841.600037 2570.128418 74.799995 3296.960693
2.944000 845.600098 7968.474609 102.599998 4852.838867
2.948000 831.599976 2558.293213 69.800003 1486.759399
2.952000 839.599976 2382.318604 57.599998 1895.839844
2.956000 888.000000 4009.625000 143.000000 8817.798828
2.960000 858.799988 4249.768555 102.200005 4466.759766
2.964000 873.599915 3684.001709 97.000000 2264.199219
2.968000 868.800049 3704.912598 84.000000 1910.400391
2.972000 834.800049 2668.878418 100.199997 2201.159912
2.976000 853.200012 2780.926758 97.199997 2472.161621
2.980000 872.399963 3105.491455 62.799995 1894.560425
2.984000 820.399963 4519.899902 90.599998 4896.840332
2.988000 856.800049 4751.238770 145.199997 6184.962891
2.992000 830.000061 2384.711182 91.800003 6514.758301
2.996000 836.400024 2481.436768 91.000000 2846.600586
3.000000 849.200073 3008.048096 94.400009 4892.639160
3.004000 805.200012 1321.815308 97.000000 8668.199219
3.008000 863.599915 6075.187500 70.199997 3396.358887
3.012000 825.999939 1760.913330 57.999996 3262.400391
3.016000 850.399963 4176.652344 55.400002 2354.439941
3.020000 839.599976 4913.505859 91.800003 4712.358887
3.024000 832.799988 2834.617920 103.799988 4292.362305
3.028000 830.000000 2592.812500 87.799995 2694.760498
3.032000 829.600037 2381.404297 113.799995 7377.961426
3.036000 821.200012 4278.540039 88.800003 4961.758789
3.040000 825.200012 3804.877441 86.000000 3937.600586
3.044000 819.200012 1954.589966 88.400002 2505.439697
3.048000 851.600037 2206.190186 87.399994 4584.840820
3.052000 821.599976 4288.667480 59.800003 2200.359619
3.056000 804.399963 1636.636475 70.200005 3761.958496
3.060000 790.800049 720.095276 83.399994 3587.240723
3.064000 786.000000 1095.250000 91.199997 3200.160156
3.068000 812.400024 2612.512939 77.000000 3089.799805
3.072000 816.399902 2628.824463 96.400002 3909.440186
3.076000 802.799988 3200.179688 56.199997 2557.960693
3.080000 842.799988 2467.368164 89.000000 6325.000000
3.084000 796.400024 1735.751099 78.599998 6379.240234
3.088000 796.400024 1831.813599 106.400002 4167.038574
3.092000 798.400024 1549.401001 92.600006 1376.838501
3.096000 804.399963 4375.948730 88.399994 4510.243652
3.100000 788.800049 4239.232910 71.000000 4301.000000
3.104000 815.599976 2548.679932 83.000000 6178.600586
3.108000 773.600037 4099.733398 58.400002 931.839722
3.112000 798.799927 5296.302246 62.399998 3048.640137
3.116000 790.799988 3197.004395 86.200005 1673.158813
3.120000 797.600037 5866.119141 65.800003 2485.159424
3.124000 771.599915 2110.321777 84.599998 3227.239746
3.128000 784.399963 1643.072510 82.000000 2922.400391
3.132000 777.600037 2103.058105 57.199997 2340.960205
3.136000 834.799988 4646.605469 115.200005 2917.757812
3.140000 766.399963 2154.283691 46.599998 1091.240234
3.144000 790.800049 5766.470215 51.600002 1313.439819
3.148000 787.200012 5644.140625 69.199997 6426.560547
3.152000 768.399963 2772.746338 114.599998 3504.039551
3.156000 752.400024 2379.015869 44.400002 1667.039795
3.160000 773.200012 4326.491211 76.799995 4878.560547
3.164000 781.200012 4073.728516 66.200005 2527.559326
3.168000 764.799988 4178.541016 72.600006 5729.640625
3.172000 777.200073 1462.421143 99.599998 3518.239746
3.176000 808.399963 3537.499268 53.799999 2906.760254
3.180000 775.200073 3381.658936 76.400002 5379.039551
3.184000 763.599976 3134.264893 50.400005 827.839478
3.188000 754.799927 1286.695557 69.799995 1411.560791
3.192000 755.200012 7541.753906 48.399998 2306.239990
3.196000 746.400024 1882.191040 85.199997 3440.160645
3.200000 769.599976 1610.252563 87.599998 2740.639648
3.204000 775.200012 4799.315918 51.200001 609.760132
3.208000 750.799988 3689.753418 69.800003 4168.359863
3.212000 758.799988 1344.203491 79.400009 2634.437256
3.216000 744.399963 1006.319519 59.400002 1958.439087
3.220000 735.600037 1447.773682 103.400002 2996.840088
3.224000 751.200012 4463.354004 63.599998 3871.840088
3.228000 779.200012 3730.528564 76.800003 2813.759521
3.232000 757.600037 4918.934570 41.799999 725.960022
3.236000 754.400024 4778.165527 79.599998 2762.239746
3.240000 740.400024 1636.616333 76.600006 2708.038574
3.244000 744.799988 3100.228271 59.199993 1809.760742
3.248000 737.200012 3027.329590 40.799999 844.959900
3.252000 760.000061 2847.907227 52.400005 911.839539
3.256000 757.200012 2659.391602 46.199997 717.160400
3.260000 763.999939 2502.530762 83.800003 1285.160034
3.264000 722.000000 5469.625000 67.199997 1933.760498
3.268000 741.599976 2922.288818 78.199997 2508.360107
3.272000 752.800049 1973.711426 66.799995 2561.760986
3.276000 697.200012 1065.799194 98.999992 1702.601074
3.280000 710.800049 3427.290527 63.200001 1400.959595
3.284000 726.399963 3658.280762 48.000000 1536.800049
3.288000 722.000000 2397.593750 53.599998 1223.840454
3.292000 705.599976 2179.862061 74.399994 3818.240479
3.296000 730.399963 2752.643555 47.400002 1133.639526
3.300000 720.000000 1139.187500 84.599998 4544.840332
3.304000 751.599976 2225.476807 79.400002 2907.239258
3.308000 728.399963 1585.493408 54.799995 2573.760742
3.312000 725.599976 2656.675537 47.399998 1607.240234
3.316000 752.799988 2543.365967 82.400002 6221.439941
3.320000 711.599976 1147.068481 88.400009 5299.040039
3.324000 720.000000 4720.000000 67.599998 1879.839844
3.328000 724.000061 1884.724121 80.000000 3495.200195
3.332000 697.600037 2343.001465 56.200005 2413.959473
3.336000 705.200012 2726.536621 61.799999 853.960266
3.340000 694.799988 4124.977051 64.800003 1531.359497
3.344000 718.000061 1376.693604 70.000000 2620.799805
3.348000 727.999939 2748.901367 99.400002 2509.638672
3.352000 707.199951 3644.197754 81.400009 2992.038574
3.356000 727.200012 690.517273 77.800003 2763.559814
3.360000 685.599976 5469.517090 44.799999 1052.960327
3.364000 704.400024 1687.793091 74.200012 3900.358154
3.368000 718.399963 2314.336426 95.199997 3340.159912
3.372000 713.199951 3481.829590 73.399994 4856.841309
3.376000 677.599976 2263.054443 61.199997 1914.560425
3.380000 726.400024 1082.192017 75.799995 1681.160522
3.384000 670.399963 3399.107910 51.000004 3216.999512
3.388000 671.599976 4011.097900 50.599998 1621.640137
3.392000 731.199951 1365.881348 103.200005 2395.358643
3.396000 732.400085 1614.114868 55.799999 1216.360107
3.400000 714.400024 986.230103 87.399994 3124.840576
3.404000 658.000061 3191.138428 61.399998 4136.040039
3.408000 682.000000 3955.968750 60.799999 2086.560303
3.412000 711.600037 2385.387939 77.400002 2618.438965
3.416000 714.399963 2295.067383 56.200001 2358.760010
3.420000 700.799988 1129.002075 58.799999 1447.360352
3.424000 678.400024 4131.812988 60.000000 2213.600098
3.428000 695.200012 2776.911865 79.400002 3190.440430
3.432000 674.400024 2503.013428 91.600006 2035.838257
3.436000 696.399963 4967.872070 62.000004 1847.999512
3.440000 712.400024 3265.424072 88.000000 2626.400391
3.444000 676.800049 7967.287598 71.199997 2705.760254
3.448000 670.000000 1767.187500 37.200001 344.159943
3.452000 661.199951 2064.249512 35.399998 1569.640015
3.456000 682.400024 3936.581787 65.599998 3697.440430
3.460000 687.200012 1228.143188 48.800003 1320.159790
3.464000 712.000000 1088.000000 53.400002 1865.640015
3.468000 702.000000 3821.593750 84.000000 3447.200195
3.472000 681.200012 6105.730957 59.000000 1573.000000
3.476000 675.200012 3602.537354 57.799999 2445.959961
3.480000 698.000061 3082.289795 66.799995 5442.560547
3.484000 687.599976 6951.867188 65.600006 4320.639160
3.488000 653.600037 1741.367188 73.199997 2459.360107
3.492000 686.800049 860.911682 64.800003 1309.759888
3.496000 677.199951 4029.038574 56.799999 808.960022
3.500000 689.200012 2540.937012 58.400002 946.240112
3.504000 700.000000 6096.000000 78.799995 3580.961182
3.508000 694.399963 2461.503418 52.599998 2730.440430
3.512000 691.999939 3776.053223 51.400002 2965.639404
3.516000 679.599976 2084.685791 46.399998 914.240173
3.520000 656.000000 1888.000000 69.399994 2125.640869
3.524000 690.000061 4125.509277 52.599998 1170.440063
3.528000 674.800049 2032.112793 62.600002 1340.839844
3.532000 716.399963 2651.092529 90.000000 5222.400391
3.536000 626.799988 1366.587769 52.200001 893.159912
3.540000 672.799988 706.582703 69.399994 1523.240967
3.544000 679.600037 2999.790283 63.800003 2484.359375
3.548000 638.800049 1228.903809 72.800003 2322.559570
3.552000 642.399963 4573.474609 50.799999 1150.560303
3.556000 633.199951 1494.603027 58.600002 1772.839478
3.560000 625.600037 2550.969238 45.799999 1130.760010
3.564000 668.799988 1980.170044 41.599998 2793.440186
3.568000 652.799988 2895.363525 55.200001 1736.160156
3.572000 663.599976 3252.697510 71.000000 3349.800781
3.576000 664.800049 3906.488770 43.000000 617.000000
3.580000 630.400024 2893.371826 56.399998 1717.440186
3.584000 668.400024 3335.782471 62.200001 2533.959717
3.588000 638.799988 1843.388062 77.599998 2330.240234
3.592000 652.799988 2888.988525 53.200001 1834.560181
3.596000 660.400024 2023.807739 75.000000 1740.200195
3.600000 666.400024 1901.382446 56.800003 1098.559448
3.604000 652.400024 4628.614258 75.400002 1969.639526
3.608000 664.799927 1049.057373 79.599998 3726.239746
3.612000 628.800049 1477.686035 46.400002 915.039612
3.616000 655.599976 3095.890869 52.200001 819.560059
3.620000 624.799988 3372.194092 55.599998 993.440247
3.624000 644.000000 3315.218750 56.000000 1038.399902
3.628000 639.600037 3406.199463 42.399998 1488.640137
3.632000 644.399963 1035.093506 49.200001 1159.360229
3.636000 653.200073 1318.445557 63.200001 2072.959717
3.640000 624.400024 2071.828369 58.999996 1064.200684
3.644000 633.200012 3097.744629 35.200001 508.959961
3.648000 632.799927 3669.877686 95.199997 2772.158936
3.652000 616.000000 2246.375000 55.200001 1135.359863
3.656000 644.799988 2898.569580 61.199997 2111.360107
3.660000 603.599976 1956.694458 65.599998 1468.640259
3.664000 645.200012 2944.163086 47.200001 550.559814
3.668000 605.200012 2160.132812 35.599998 349.440155
3.672000 636.400085 2778.931152 57.399998 621.640137
3.676000 636.400024 2567.790283 46.599995 1315.240601
3.680000 636.399963 1547.086670 60.400005 931.039551
3.684000 648.000000 4313.593750 56.199997 1514.760498
3.688000 622.799988 2380.987793 79.800003 2557.959473
3.692000 631.200012 1333.732056 38.799999 539.359985
3.696000 634.800049 3414.491699 40.799999 768.159851
3.700000 623.200012 1986.557251 53.399998 1555.239990
3.704000 621.200073 3523.250244 36.800003 753.759766
3.708000 640.400024 8209.402344 85.400002 2660.839844
3.712000 644.799988 3263.382080 63.799999 1126.760254
3.716000 666.399963 1795.870117 56.000000 603.200195
3.720000 614.799927 2025.862549 52.799995 1351.360718
3.724000 616.400024 4708.603516 36.799999 756.960022
3.728000 606.400024 1754.229126 36.000000 548.000000
3.732000 651.199951 4895.436035 53.400002 2037.640015
3.736000 637.200012 2832.144531 49.000000 1984.199707
3.740000 640.799988 2053.750732 60.599998 1448.839844
3.744000 626.000000 1994.406250 56.799995 859.360596
3.748000 624.400024 3591.797119 44.800003 1334.560059
3.752000 612.000000 2617.593750 85.000000 3369.000977
3.756000 596.000000 1862.406250 60.400002 943.039551
3.760000 616.000000 5471.968750 55.999996 2616.000488
3.764000 629.199951 4422.608887 81.400002 1811.239990
3.768000 606.400024 4183.010254 50.000004 2282.399414
3.772000 600.799988 1743.374634 68.800003 1763.359375
3.776000 600.400024 1639.810669 36.000004 662.399719
3.780000 659.999939 3372.861816 48.599998 909.640259
3.784000 602.799988 2707.362305 60.200001 1175.560547
3.788000 625.200012 4841.757324 73.600006 2868.638672
3.792000 597.600037 1962.196289 61.800003 1296.359253
3.796000 616.799988 1704.962524 63.600002 1615.039185
3.800000 614.400024 3114.203857 76.400002 3775.038818
3.804000 592.800049 2239.320801 44.200001 737.959778
3.808000 627.599976 1678.239380 48.599998 1027.240112
3.812000 602.000000 2548.000000 49.200001 1597.759888
3.816000 595.200012 1826.539185 39.799999 691.560181
3.820000 608.400024 4183.785156 50.600002 3590.439941
3.824000 570.000000 3434.406250 45.400002 2568.840332
3.828000 561.599976 3261.467529 38.199997 839.560303
3.832000 595.200012 4792.945312 53.600006 1820.639404
3.836000 613.600037 3974.995117 58.400002 1284.639526
3.840000 589.200012 1100.939331 82.000000 2183.200195
3.844000 601.999939 1344.854736 82.400002 2926.240723
3.848000 620.000000 3132.812500 69.400002 1998.439575
3.852000 627.600098 2494.117432 48.200001 1150.759888
3.856000 586.799988 5619.368164 60.200001 2150.759766
3.860000 588.799988 1154.605591 38.599998 702.440002
3.864000 608.000061 1852.707031 80.199997 3217.959473
3.868000 598.399963 1251.858887 45.800003 749.159546
3.872000 601.599976 1341.438110 25.600002 367.039917
3.876000 578.800049 681.690979 50.400002 1346.239990
3.880000 588.399963 881.483093 43.599998 1259.839966
3.884000 602.000061 3309.551514 68.599998 2222.440674
3.888000 620.799988 4898.562500 57.200001 1819.359619
3.892000 614.799988 1225.756226 60.399998 2039.840332
3.896000 602.399963 2186.284180 53.799999 875.560059
3.900000 596.399963 1393.458740 35.200001 474.559937
3.904000 581.999939 2378.477295 70.399994 2235.840820
3.908000 580.800049 1506.521973 30.199999 510.759888
3.912000 564.399963 1835.087646 45.200001 1000.960449
3.916000 564.400024 1806.206177 45.000000 1203.399902
3.920000 601.200012 2457.764160 46.799999 1595.359985
3.924000 569.599976 1914.242798 49.000004 1642.599731
3.928000 525.200012 1372.947144 38.799999 1069.760010
3.932000 588.400024 2887.817627 48.799999 928.959717
3.936000 570.799988 2003.373901 48.400002 1415.040161
3.940000 571.999939 867.257324 76.400002 2223.839600
3.944000 590.000000 3808.812500 58.999996 1326.600586
3.948000 572.000061 3049.555176 35.600002 337.439880
3.952000 607.200012 1724.113892 51.199997 1487.360107
3.956000 577.199951 5091.403809 63.199997 2780.160400
3.960000 544.400024 2894.207275 59.799999 2253.960205
3.964000 602.399963 995.877869 45.200005 649.759644
3.968000 563.200012 2776.965088 41.799999 1460.360107
3.972000 562.400024 787.806274 47.599998 466.240387
3.976000 580.000000 742.375000 56.000000 2362.399902
3.980000 590.000000 4186.406250 50.799999 1524.960205
3.984000 572.800049 2255.291504 70.199997 1525.960938
3.988000 605.999939 1572.073975 44.400005 324.639526
3.992000 554.000000 3693.593750 58.200001 978.760376
3.996000 585.599976 2899.887451 41.599998 788.640320
4.000000 554.000000 788.000000 58.199997 717.160278
