#T eMean sigmaE mMean sigmaM 
4.000000 536.799988 3212.179443 71.400002 3349.639404
3.996000 588.000000 1734.406250 35.000000 920.199951
3.992000 546.400024 3671.013428 53.000000 908.200195
3.988000 556.400024 2004.606567 54.400002 2985.440186
3.984000 589.600037 1875.796875 46.000004 724.799683
3.980000 552.799988 1826.579712 29.400000 124.840034
3.976000 585.200012 2780.945801 77.400002 4532.839355
3.972000 578.000000 1031.187500 38.000000 923.199951
3.968000 589.200073 2566.492432 40.799999 744.160095
3.964000 571.600037 2522.991943 62.599998 2812.040527
3.960000 611.200012 2156.170166 37.799999 869.160034
3.956000 562.400024 2659.775146 49.599998 951.040100
3.952000 553.599976 663.067017 67.800003 1671.559448
3.948000 610.399963 1242.291016 48.399998 1264.640869
3.944000 587.599976 1547.049927 29.999998 397.600098
3.940000 582.000000 1988.000000 55.000000 2009.799805
3.936000 568.799988 3167.386475 35.200001 568.959961
3.932000 579.199951 1292.229004 63.200001 1568.959595
3.928000 584.000061 1772.741211 38.599998 1437.640503
3.924000 594.000000 4816.781250 52.599998 1210.440308
3.920000 595.199951 1865.018066 42.200001 783.560059
3.916000 623.999939 2508.857422 57.799999 3137.160156
3.912000 582.400024 1639.024048 58.199997 2087.560059
3.908000 569.600037 4179.798340 65.400002 2253.639648
3.904000 574.799988 4320.192871 52.199997 640.360535
3.900000 562.799988 1244.954956 42.799999 1270.560181
3.896000 593.599976 1763.881470 67.000000 1429.800293
3.892000 602.000000 2698.406250 66.600006 928.839111
3.888000 597.600037 2547.790039 50.000000 1125.599854
3.884000 599.999939 2364.885742 43.600002 2667.039795
3.880000 582.000000 1380.000000 50.000000 768.000000
3.876000 590.399963 1923.883301 73.199997 2296.160889
3.872000 581.200012 4188.952148 51.599998 1247.840332
3.868000 594.400024 4288.610840 51.600002 1623.839722
3.864000 566.000000 2183.218750 36.599998 340.840027
3.860000 604.399963 2881.496826 62.600002 1481.639160
3.856000 574.399963 5405.432129 48.200001 1745.159790
3.852000 607.999939 2550.449219 43.400002 444.039978
3.848000 553.599976 2275.848389 63.799999 858.760315
3.844000 588.799927 4217.021484 72.199997 2549.160400
3.840000 595.200012 1196.164185 38.200001 1037.959839
3.836000 585.199951 2489.829590 53.800003 2008.359985
3.832000 613.199951 2118.632324 49.000000 680.200195
3.828000 606.000000 3428.000000 60.000000 1824.000000
3.824000 606.000000 3946.375000 29.800001 902.760010
3.820000 617.200012 2406.551270 61.600002 2163.039795
3.816000 590.000000 1354.406250 75.000000 1693.000000
3.812000 618.400024 2202.191162 46.200001 2618.759521
3.808000 588.399963 2878.264404 53.600002 234.239700
3.804000 572.000000 1692.812500 42.400002 609.439819
3.800000 600.799988 3871.374756 84.599998 3187.240723
3.796000 624.000000 1321.593750 49.400002 640.839783
3.792000 603.600037 1111.777100 48.199997 885.160217
3.788000 607.199951 4754.594238 79.599998 1847.040405
3.784000 623.200012 1445.776001 42.000000 480.800293
3.780000 626.400024 803.821899 57.200001 3285.760010
3.776000 607.200012 2693.739014 62.599998 583.240173
3.772000 598.800049 2860.907715 37.399998 560.040222
3.768000 580.000061 2371.147949 59.000004 984.199280
3.764000 627.599976 2123.083252 66.600006 1664.839600
3.760000 646.400024 4976.633301 69.600006 2903.839600
3.756000 624.000000 4435.187500 66.399994 3147.841064
3.752000 644.399963 4724.687012 49.599998 1007.039856
3.748000 636.799988 1282.588013 50.400005 695.839722
3.744000 634.000000 3290.406250 56.199997 643.560608
3.740000 614.800049 3929.681152 72.799995 2792.160645
3.736000 615.599976 4174.263672 44.600002 1690.439453
3.732000 653.199951 4729.823730 69.400002 3824.040283
3.728000 612.399963 2116.691162 85.000008 1258.599243
3.724000 626.000000 2701.593750 41.200001 587.359985
3.720000 611.599976 2295.844971 26.400000 339.840057
3.716000 595.200012 1775.351685 47.799999 713.159851
3.712000 575.599976 4251.074219 46.200001 1601.959839
3.708000 594.799988 1216.161987 68.599998 2086.440186
3.704000 634.000000 2189.593750 64.800003 2025.759888
3.700000 598.399963 2624.671387 68.599998 3227.240479
3.696000 634.000000 1533.625000 55.200001 1101.760254
3.692000 620.799927 4965.826172 42.800003 598.559875
3.688000 640.000000 2019.218750 67.800003 1373.959839
3.684000 619.200012 2578.532471 49.600002 1321.439819
3.680000 648.400024 1617.408325 58.200001 2377.960205
3.676000 632.000000 2201.593750 46.799999 1612.160034
3.672000 599.599976 599.869263 42.799999 1580.160278
3.668000 659.599976 1774.247192 83.200005 2647.359863
3.664000 619.200012 2092.157471 34.200001 501.160004
3.660000 645.200012 2044.944214 63.400002 2334.439697
3.656000 658.800049 4208.089355 32.400002 574.239929
3.652000 628.799988 1909.762817 50.600002 1606.440063
3.648000 630.799927 3481.827393 40.599998 868.040039
3.644000 649.999939 2669.673096 58.799999 1841.760254
3.640000 630.400024 3351.028076 78.799995 2654.560791
3.636000 608.799988 2437.793701 67.000000 2942.600586
3.632000 663.200012 2668.150146 54.999996 892.999939
3.628000 658.000000 1252.000000 67.800003 2326.759277
3.624000 676.400024 1745.413208 39.000000 307.400024
3.620000 652.399963 2081.475342 40.999996 2262.600342
3.616000 611.599976 3169.469971 66.000000 2258.400391
3.612000 638.000000 1069.625000 55.999996 1024.800171
3.608000 627.599976 2270.302002 49.600002 1087.039429
3.604000 669.999939 4244.081543 61.799995 1337.160522
3.600000 652.800049 1138.471191 37.400002 1677.640015
3.596000 644.000061 2489.515137 76.599998 2571.239990
3.592000 676.000000 3427.187500 93.000008 3605.000488
3.588000 620.000000 3398.406250 27.000000 704.200073
3.584000 651.199951 2015.404785 56.799995 1216.960205
3.580000 648.799988 1506.544556 67.199997 1672.960693
3.576000 641.599976 922.283813 42.400002 803.039917
3.572000 649.199951 672.204651 62.799995 1310.560425
3.568000 664.400024 1886.201294 80.199997 2120.359863
3.564000 658.000000 5501.625000 69.000000 2404.200195
3.560000 656.800049 2421.695801 71.000000 1557.799805
3.556000 654.799988 713.757263 44.400002 464.640106
3.552000 647.599976 5367.865234 47.000000 1652.200195
3.548000 685.600037 3008.589844 60.199997 2236.360352
3.544000 676.799988 4220.182617 51.599998 721.440430
3.540000 656.799988 1980.182251 65.400002 3349.640137
3.536000 674.000000 2119.187500 83.000000 5056.200195
3.532000 658.799988 1660.982300 34.799999 260.160004
3.528000 666.399963 2330.307617 59.599998 2321.440186
3.524000 684.399963 2855.908936 57.599998 963.039978
3.520000 666.399963 4199.120117 26.200001 382.760040
3.516000 696.400024 4497.412109 74.000000 3080.799805
3.512000 676.799988 1576.963989 44.800003 1089.759766
3.508000 662.400024 3200.614014 46.399998 1304.640015
3.504000 664.399963 2587.094971 56.599998 2857.640381
3.500000 631.599976 3396.658447 74.400002 1916.639282
3.496000 676.399963 1374.308350 58.800003 3166.559570
3.492000 697.199951 2224.228027 81.000000 1149.800293
3.488000 662.000061 2903.106689 47.800003 749.959778
3.484000 669.599976 2115.904053 92.399994 3011.041992
3.480000 685.999939 3354.489990 62.399998 1609.440430
3.476000 678.000000 2269.625000 89.600006 3120.639648
3.472000 659.200012 2805.718994 61.600002 1592.639404
3.468000 715.600037 1438.181396 76.599998 4229.640625
3.464000 687.199951 2623.445801 80.400002 2115.839844
3.460000 671.600037 3156.578369 66.000000 1012.000000
3.456000 686.399963 2247.090332 51.600002 2567.839600
3.452000 703.600037 3828.613525 75.599998 2336.639648
3.448000 685.999939 1799.302490 85.199997 4520.960449
3.444000 677.200012 2713.768555 39.399998 1041.640137
3.440000 682.799988 1126.582886 75.000000 2431.399902
3.436000 709.599976 3619.906006 58.400002 988.640015
3.432000 696.000000 2812.781250 39.600002 892.639893
3.428000 708.799927 1202.663818 61.599998 2170.239990
3.424000 673.200012 5225.743652 66.000008 2528.798340
3.420000 711.200012 2248.948975 82.400002 3424.640137
3.416000 708.800049 3589.678223 89.199997 6335.358398
3.412000 727.200012 4328.954590 69.800003 2403.559570
3.408000 685.200012 2704.162109 73.600006 1497.439453
3.404000 700.799988 4405.751953 76.400002 2980.640381
3.400000 679.600037 2417.384033 58.599998 2858.440186
3.396000 686.399963 2215.090332 64.600006 1929.639038
3.392000 704.799988 2828.164795 68.599998 1839.239868
3.388000 721.599976 3760.725342 72.199997 2782.760498
3.384000 684.000000 3801.625000 58.600002 1756.039673
3.380000 711.199951 3394.629395 72.799995 1731.359863
3.376000 704.399963 2263.910400 76.999992 4372.200195
3.372000 710.400024 2637.430420 60.000000 2319.199707
3.368000 694.399963 2864.722168 55.999996 1264.000366
3.364000 714.399963 4560.692383 71.200005 2361.759521
3.360000 696.000000 2204.812500 55.200001 1243.359863
3.356000 706.799988 4809.777344 66.800003 2592.158936
3.352000 749.200012 1856.154175 68.199997 1238.760376
3.348000 712.400024 3252.611572 95.400002 2158.439209
3.344000 740.400085 2487.713379 67.799995 2635.560059
3.340000 748.799988 2853.828369 90.599998 5064.040527
3.336000 756.000000 1974.375000 65.200005 1999.359253
3.332000 728.400024 3870.154541 72.999992 3120.201416
3.328000 754.399963 1763.882812 62.800003 2330.559570
3.324000 716.399963 3188.686279 50.200001 2291.559570
3.320000 707.200012 3640.955322 88.199997 3252.360107
3.316000 731.199951 4479.443848 83.799995 2897.961182
3.312000 751.600037 1678.197510 63.600002 2062.239990
3.308000 720.800049 2597.695801 51.599998 887.840332
3.304000 707.200073 2863.243896 50.799999 1740.960205
3.300000 756.400024 3329.440674 89.599991 2802.242920
3.296000 698.000061 2480.696045 45.600002 1064.640015
3.292000 722.400024 3287.017334 38.000000 1146.399902
3.288000 738.400024 1757.403931 99.200005 2957.759521
3.284000 769.200012 1564.966187 65.800003 3296.359619
3.280000 763.199890 3660.302734 62.600002 1432.039551
3.276000 760.799927 1727.408936 46.400002 560.639954
3.272000 731.200012 2453.729736 64.800003 2913.759521
3.268000 778.799988 3820.954102 65.000000 1875.399902
3.264000 768.400024 1623.839966 76.400002 1527.039795
3.260000 754.000000 2535.187500 79.599998 1283.840698
3.256000 730.399963 2951.081055 45.800003 701.959839
3.252000 778.000000 525.625000 57.600002 1202.239746
3.248000 755.200073 4661.662109 63.000004 4173.799316
3.244000 731.599915 1476.752563 59.600002 1276.640015
3.240000 778.399963 2541.434570 63.399998 1476.040405
3.236000 755.599976 2155.052002 79.400002 2868.839844
3.232000 756.800049 3189.686035 58.799995 984.960938
3.228000 740.000000 2374.375000 80.000000 3571.200195
3.224000 722.000000 2253.593750 73.599998 3740.639893
3.220000 764.000000 4675.250000 87.599991 3020.642090
3.216000 792.799988 4098.554199 105.400002 4683.239258
3.212000 768.800049 6588.109863 85.400002 2190.439453
3.208000 708.799988 2044.171021 59.799999 2699.559814
3.204000 767.199890 2332.391113 73.200005 3154.560059
3.200000 737.200012 2534.579590 84.600006 1168.838989
3.196000 777.200073 6732.796387 98.200005 5266.759277
3.192000 724.399963 1758.255615 66.799995 1778.560425
3.188000 772.800049 2684.084473 70.799995 4390.560059
3.184000 757.600037 1498.184570 58.799999 1308.960449
3.180000 768.800049 1884.047363 58.399998 4267.840332
3.176000 720.400085 4858.935547 41.800003 835.559814
3.172000 759.600037 3342.221924 66.800003 1698.559448
3.168000 777.599976 3143.090576 78.000008 4371.198242
3.164000 781.599976 3479.040771 91.600006 6876.640137
3.160000 774.000000 3754.375000 115.199997 3933.761475
3.156000 782.000000 3117.562500 110.199997 5648.358887
3.152000 782.399963 4058.297363 55.599995 1281.440918
3.148000 811.599976 2740.729736 95.199997 4047.362061
3.144000 801.200073 729.630127 84.200005 3727.559326
3.140000 802.400024 2269.450928 82.600006 2863.239014
3.136000 814.399902 5088.798828 81.800003 4179.560059
3.132000 806.400024 1767.000610 89.800003 3719.560059
3.128000 774.799988 3523.354004 95.399994 5611.241699
3.124000 812.400024 3767.825439 64.200005 2355.560059
3.120000 795.200012 2124.128174 111.400002 3049.639160
3.116000 813.600037 3050.230469 110.999992 4380.200684
3.112000 796.000000 3654.437500 79.199997 4028.161377
3.108000 788.799927 1154.675537 79.000000 3848.200195
3.104000 810.000000 1892.000000 74.199997 2413.160156
3.100000 807.599976 4974.341797 71.599998 2931.840088
3.096000 806.799988 3613.029785 114.800003 5356.160645
3.092000 782.800049 3577.708496 73.599998 889.440125
3.088000 775.599976 2875.052979 84.800003 2301.760254
3.084000 820.400024 2190.175049 55.000000 2545.799805
3.080000 770.400024 3978.239990 58.200001 1337.960083
3.076000 811.200012 2956.165283 91.400002 2204.039795
3.072000 796.799988 1244.154419 85.199997 1466.560181
3.068000 848.800049 3845.664551 112.199989 10357.162109
3.064000 804.000061 1673.526855 84.400009 1597.439209
3.060000 806.399963 5143.099121 48.599998 1023.240112
3.056000 836.799988 2284.155518 110.000008 7855.998535
3.052000 806.800049 1644.868652 100.599998 2983.240967
3.048000 783.200012 3020.115967 89.800003 3752.358887
3.044000 822.000000 1117.562500 80.000000 4286.400391
3.040000 807.599976 5364.654297 118.800003 4859.359863
3.036000 819.199951 3417.064941 113.200005 6402.557617
3.032000 795.600037 1950.144287 119.199997 6388.962402
3.028000 828.400085 5687.673340 80.000000 2843.200195
3.024000 836.400024 2836.624268 64.000000 2985.600098
3.020000 855.599976 3003.056885 115.000000 8877.798828
3.016000 858.400024 864.585571 62.600002 2130.439453
3.012000 822.399963 2682.300293 105.800003 5913.958984
3.008000 858.399902 3488.857666 75.199997 3602.562012
3.004000 810.800049 3190.468262 82.600006 1929.639404
3.000000 801.199890 4489.985840 80.200005 4277.958496
2.996000 834.400024 1949.411743 107.000000 5189.000000
2.992000 833.200012 2489.677246 70.199997 1426.760742
2.988000 856.799988 5189.718262 107.599998 5257.439453
2.984000 837.200012 3388.952148 80.599998 3327.240723
2.980000 850.000000 3050.437500 117.399986 9270.444336
2.976000 799.599976 3108.691650 78.000000 4150.400391
2.972000 811.599976 5364.666992 90.599998 2849.639404
2.968000 841.200012 5248.102051 104.199997 1869.160400
2.964000 829.200012 1724.902222 89.799995 4873.959961
2.960000 872.800049 4716.074707 113.000000 4933.000000
2.956000 828.799988 1500.205200 102.599998 1704.840942
2.952000 878.800049 2307.286621 123.200005 4200.959961
2.948000 881.200012 2659.288574 74.399994 2562.240967
2.944000 867.199951 1628.244629 114.199997 5852.360840
2.940000 874.399963 4067.954102 75.200005 4023.359619
2.936000 871.600098 3502.082275 72.400002 2872.639648
2.932000 893.600037 2262.974609 87.599998 1527.839844
2.928000 861.200012 2710.476562 87.800003 5075.559082
2.924000 884.399963 1867.142334 83.199997 1930.560303
2.920000 876.800049 2485.674316 86.000000 5527.200195
2.916000 864.400024 2718.222900 123.600006 6725.438965
2.912000 868.400024 2311.835205 78.400002 3274.239502
2.908000 898.800049 6243.222168 160.199997 4159.562500
2.904000 865.599976 4608.744629 102.599998 3470.439453
2.900000 876.000000 3526.375000 91.999992 2111.201660
2.896000 902.399963 7754.306152 97.200005 8812.159180
2.892000 887.199951 3013.809082 78.800003 3272.161133
2.888000 874.399963 3411.954102 94.000000 6106.399414
2.884000 917.200012 3894.575195 124.800003 4281.760254
2.880000 928.400024 4564.519531 98.400009 3254.239014
2.876000 869.599976 2109.382568 123.599998 9397.440430
2.872000 905.200012 5740.937988 91.799995 8264.360352
2.868000 883.999939 3660.920410 101.599998 5778.240234
2.864000 852.000000 1750.375000 155.800003 3651.558350
2.860000 895.600037 6747.011719 82.799995 5008.160645
2.856000 900.399963 3739.093506 89.999992 3405.601074
2.852000 900.799988 4697.006836 82.200005 2417.958984
2.848000 929.600037 2918.959473 124.799995 3292.162354
2.844000 877.200012 2144.076172 96.000008 8272.798828
2.840000 911.200073 2690.426514 115.400002 4729.640625
2.836000 945.200012 2518.499512 101.800003 5556.358887
2.832000 900.799927 4527.554688 102.800003 7528.159180
2.828000 899.200012 4284.087891 119.200005 5145.759277
2.824000 893.999939 1629.671631 111.400009 8124.836914
2.820000 913.599976 4112.709473 120.199997 7070.759766
2.816000 923.600037 2433.409912 103.800003 7231.559570
2.812000 892.799988 5129.056641 91.600006 4123.839355
2.808000 931.200012 1599.349731 107.600006 3563.037598
2.804000 911.600037 2855.748291 120.000000 2547.199219
2.800000 942.000061 4656.759766 109.400002 12906.438477
2.796000 942.000000 3012.000000 79.000008 3876.998779
2.792000 952.799988 5471.433105 89.400002 7340.840820
2.788000 945.600037 4445.383301 129.400009 4702.438477
2.784000 974.400024 5386.279785 151.600006 9972.637695
2.780000 966.000061 2253.507080 136.000000 14420.000000
2.776000 979.200012 6303.335938 96.399994 6723.839844
2.772000 968.400085 6078.024414 132.199982 8873.165039
2.768000 941.600037 6608.558594 121.600006 8792.637695
2.764000 988.399963 3399.824951 92.799995 6216.960449
2.760000 969.599976 6032.762207 85.399994 6467.241211
2.756000 951.200012 2120.911865 92.399986 4375.843262
2.752000 930.000061 4643.886230 120.000008 8513.599609
2.748000 977.200012 2345.823730 124.799995 3997.760010
2.744000 962.400024 9059.818359 142.600006 23284.839844
2.740000 960.000000 2291.250000 46.400002 1004.639709
2.736000 987.200012 3208.948486 133.000000 4857.000000
2.732000 975.599976 2052.625244 127.400002 7849.640137
2.728000 986.399963 3130.237305 78.200005 4792.358887
2.724000 989.200073 3446.465088 193.800003 6118.761719
2.720000 894.400024 5981.346191 85.400002 5095.240234
2.716000 982.000061 3552.755127 107.800003 5641.159180
2.712000 980.400085 2561.359863 182.000015 9051.994141
2.708000 942.000061 7994.322266 125.200005 7523.359375
2.704000 974.799988 3779.358887 115.599991 3799.042480
2.700000 955.599915 1777.678345 118.999992 7730.601562
2.696000 978.000000 5021.625000 138.199997 10568.362305
2.692000 991.599976 2721.551025 135.199997 14600.160156
2.688000 989.600037 3190.955078 143.000000 4306.601562
2.684000 962.399963 4179.935547 124.000008 6869.599609
2.680000 1015.599915 8785.625977 145.600006 11559.837891
2.676000 1022.799988 7750.560059 96.599991 5224.842285
2.672000 983.200012 6236.235840 134.199997 9501.959961
2.668000 1002.799988 5833.747070 121.199989 4902.562500
2.664000 1014.400085 5942.904297 163.399994 8019.238770
2.660000 1031.599976 3895.990479 177.800003 10922.756836
2.656000 1006.000061 4167.064453 111.199997 6228.960938
2.652000 994.799988 4707.421875 122.400002 7050.239746
2.648000 1026.399902 3408.865479 124.800011 8361.759766
2.644000 994.400024 1751.028931 106.600006 6537.637695
2.640000 1025.199951 9581.060547 133.199997 12224.961914
2.636000 1078.400024 5709.387207 95.800003 10403.560547
2.632000 1001.200012 4483.285645 168.800003 5848.961426
2.628000 1027.999878 4675.500977 151.199997 8138.559082
2.624000 1076.000000 5593.625000 189.800003 31816.357422
2.620000 1043.199951 6034.611816 222.000000 17912.000000
2.616000 1062.000122 3738.115723 156.600006 10972.036133
2.612000 1042.799927 2963.437744 159.000000 12965.796875
2.608000 1046.800049 6294.532715 238.999985 15129.811523
2.604000 1058.800049 6409.706543 114.000000 6047.199219
2.600000 1053.600098 2838.834229 170.399994 7641.439941
2.596000 1024.799927 2303.485107 100.599998 5658.439941
2.592000 1077.200073 11625.501953 208.400009 31851.833984
2.588000 1051.199951 2316.287598 112.999992 5665.802734
2.584000 1023.200073 3164.110107 112.600006 6111.238770
2.580000 1041.200073 3539.157471 127.599998 4389.439453
2.576000 1090.000122 6960.608887 155.399994 18935.240234
2.572000 1098.399902 6416.779297 172.800003 8380.159180
2.568000 1075.200073 6735.177734 150.999985 6373.805176
2.564000 1145.200073 3344.042236 217.599991 40711.843750
2.560000 1109.200073 3632.072510 144.199997 20132.357422
2.556000 1105.600098 1571.674072 107.200005 6688.959961
2.552000 1107.199951 5445.768066 179.000000 15834.601562
2.548000 1028.800049 2386.459473 149.600006 7666.236816
2.544000 1106.399902 5108.005859 189.599991 10966.242188
2.540000 1084.000122 5628.610352 225.799988 25193.966797
2.536000 1098.400024 3639.011475 229.000000 8467.402344
2.532000 1101.199951 3763.417480 242.199982 30037.964844
2.528000 1137.200073 5433.618652 275.000000 27898.601562
2.524000 1147.999878 3408.280273 270.200012 24464.359375
2.520000 1104.400024 4250.960938 284.000000 19368.804688
2.516000 1158.800049 5603.196777 325.400024 11148.824219
2.512000 1088.000000 2310.500000 162.399994 16015.835938
2.508000 1160.799927 10706.780273 174.000000 25856.796875
2.504000 1108.400024 1876.510864 154.199997 12000.361328
2.500000 1117.599976 3987.919678 206.599991 6175.248535
2.496000 1166.000000 8087.250000 273.000000 38131.398438
2.492000 1138.400024 5574.884277 217.400009 18249.634766
2.488000 1116.000000 1456.000000 138.799988 11399.364258
2.484000 1136.000000 6096.000000 242.599991 20872.845703
2.480000 1164.000000 5193.625000 190.000000 30817.601562
2.476000 1137.599976 7309.420410 181.399994 14288.041992
2.472000 1181.600098 3590.834229 252.200012 16029.154297
2.468000 1180.400024 1543.907349 220.000000 17533.593750
2.464000 1184.000000 13615.875000 173.600006 27306.236328
2.460000 1110.400024 5002.160645 131.399994 7496.842285
2.456000 1191.999878 6675.541016 284.399994 30046.244141
2.452000 1176.400024 3623.857666 214.000000 13756.003906
2.448000 1233.599976 11696.725586 364.200012 41207.554688
2.444000 1160.000122 4774.091797 188.599991 9153.644531
2.440000 1205.199951 2768.202637 201.799973 16896.373047
2.436000 1216.800049 4901.641113 254.999985 32814.609375
2.432000 1187.200073 12005.611328 296.400024 28347.025391
2.428000 1185.600098 6058.033203 189.800003 25239.556641
2.424000 1182.000000 5066.375000 177.199997 23597.765625
2.420000 1213.199951 7193.878418 299.399994 43132.050781
2.416000 1208.800049 6786.441895 392.800018 18588.162109
2.412000 1226.400024 8762.105469 314.599976 41711.261719
2.408000 1227.199951 5663.404785 339.799988 16061.968750
2.404000 1242.800049 10841.664062 412.200012 35372.351562
2.400000 1210.000000 3607.250000 193.400009 16441.638672
2.396000 1258.000000 8269.750000 431.799988 49104.363281
2.392000 1261.600098 7974.818359 320.200012 40828.359375
2.388000 1243.599976 8011.100586 349.399994 43098.441406
2.384000 1198.800049 3760.067871 262.600006 19854.439453
2.380000 1226.000000 7012.000000 257.600006 34790.246094
2.376000 1276.000122 7686.188477 357.199982 66276.968750
2.372000 1224.000000 7190.375000 347.799988 47926.761719
2.368000 1288.800049 14242.434570 439.400024 33056.804688
2.364000 1261.999878 4513.183105 359.400024 30595.232422
2.360000 1279.599976 6695.902344 369.200012 31545.742188
2.356000 1333.199829 4861.340820 554.799988 11310.567383
2.352000 1285.200073 10828.771484 338.200012 41180.343750
2.348000 1343.999878 7677.078125 521.000000 42476.187500
2.344000 1300.799927 9282.675781 388.000000 35145.578125
2.340000 1311.199951 9820.188477 480.999969 38204.218750
2.336000 1369.200073 6185.534668 463.200012 54682.593750
2.332000 1358.000000 4263.125000 538.000000 35322.406250
2.328000 1310.400146 8509.081055 484.399963 36847.863281
2.324000 1379.200073 12335.158203 571.999939 33233.664062
2.320000 1332.000000 21987.125000 380.399994 85422.218750
2.316000 1399.599976 14631.908203 549.200012 56702.566406
2.312000 1371.199951 7727.443848 511.200012 41317.765625
2.308000 1416.400024 4788.595703 582.000000 59206.406250
2.304000 1372.800049 7909.650879 580.000000 37740.000000
2.300000 1394.800049 7212.698730 579.200012 9829.751953
2.296000 1383.199951 14623.520508 463.199982 79908.992188
2.292000 1419.199951 8677.874023 572.200012 25282.708984
2.288000 1509.600098 7677.044922 751.599976 9128.726562
2.284000 1414.800049 4431.946777 550.799988 52384.968750
2.280000 1434.000000 8583.250000 594.400024 35371.015625
2.276000 1500.000122 15180.383789 743.800049 14310.674805
2.272000 1472.399902 6891.277344 694.599976 18931.248047
2.268000 1516.400024 5732.715820 736.799988 7465.777832
2.264000 1496.800049 9960.864258 731.599976 9730.288086
2.260000 1497.600098 3190.697510 720.799988 10982.565430
2.256000 1508.400024 5783.866211 740.600037 9345.585938
2.252000 1494.800049 8579.314453 681.200073 18696.054688
2.248000 1499.200073 5707.890625 726.400024 7527.816895
2.244000 1512.399902 8417.785156 730.200012 14985.192383
2.240000 1513.599976 13792.864258 753.000061 10512.908203
2.236000 1546.799927 3433.986572 794.800049 2657.757324
2.232000 1543.599976 5259.115234 798.600037 2841.543945
2.228000 1535.199951 4818.609863 719.799988 23413.166016
2.224000 1594.000122 5747.860840 824.799988 3867.355225
2.220000 1522.000000 9296.750000 713.000000 22782.625000
2.216000 1560.799927 8281.338867 777.999939 8192.094727
2.212000 1567.200073 9358.930664 790.600037 7875.144531
2.208000 1569.599976 1360.416626 769.799988 12837.166016
2.204000 1470.400024 7491.768066 711.200012 23663.292969
2.200000 1573.600098 2950.732666 786.000000 4395.250000
2.196000 1596.400024 7207.711914 814.799988 4691.354980
2.192000 1576.400024 4260.712891 805.200012 3390.565430
2.188000 1564.399902 5768.195312 785.799988 12212.378906
2.184000 1613.599854 7505.262695 813.199951 7982.651855
2.180000 1627.199951 3673.318848 849.799927 1695.709473
2.176000 1600.399902 7502.402344 828.600037 6116.729492
2.172000 1614.000000 5239.250000 825.200012 9132.189453
2.168000 1653.600098 2393.717041 857.400085 2115.968506
2.164000 1642.400024 6019.659668 857.599976 2562.281982
2.160000 1656.800049 9941.348633 857.999939 5579.354492
2.156000 1674.800049 4285.046387 871.400085 2539.891113
2.152000 1629.599854 5233.317383 846.799988 1139.343140
2.148000 1665.199951 3033.872559 859.800049 1149.875977
2.144000 1638.400024 9799.110352 830.199890 4079.767334
2.140000 1689.599976 4637.422363 872.200012 2737.826172
2.136000 1672.400024 4090.908447 873.000000 2503.437500
2.132000 1655.199951 2034.871582 855.800049 1758.713867
2.128000 1633.600098 5020.970703 850.000000 3033.625000
2.124000 1705.600220 5235.140625 888.199951 2042.846680
2.120000 1680.800049 2267.945801 880.599976 996.932983
2.116000 1668.000000 2016.000000 875.800049 457.899475
2.112000 1714.800049 748.542542 893.399963 769.755432
2.108000 1698.000122 3014.835449 871.200073 2686.432373
2.104000 1690.400024 4381.257324 869.400024 2854.472656
2.100000 1668.400024 7729.608398 874.200012 1873.151123
2.096000 1711.199829 3702.394775 900.000000 906.312500
2.092000 1729.199951 11251.529297 904.799927 2783.467529
2.088000 1664.800049 3816.547363 870.599976 1922.432495
2.084000 1728.000000 3852.750000 907.000061 1282.514282
2.080000 1718.000000 868.000000 905.200012 391.375397
2.076000 1700.800049 3848.693848 882.799988 2364.931641
2.072000 1739.200073 2850.105225 910.799988 853.757263
2.068000 1730.000000 5373.750000 900.399963 2771.093506
2.064000 1708.000000 4902.500000 894.599976 1545.696167
2.060000 1780.000000 1849.250000 933.200012 266.612213
2.056000 1767.599976 3940.826416 927.000061 438.511841
2.052000 1771.599976 2545.526611 928.799988 416.957672
2.048000 1750.799927 4153.866699 917.799988 1032.307373
2.044000 1743.599976 3086.375244 911.199951 713.023987
2.040000 1755.199951 2748.381348 913.800049 1064.220703
2.036000 1755.999878 2627.928711 917.399963 611.307190
2.032000 1802.000122 2627.560059 940.600037 619.133606
2.028000 1782.800049 1766.735840 930.399963 263.095642
2.024000 1784.000122 956.314453 935.599976 154.310684
2.020000 1784.799927 1567.471436 931.599976 806.297974
2.016000 1787.200073 1944.898193 938.799988 436.957916
2.012000 1761.999878 3117.930176 922.000061 669.512451
2.008000 1783.200073 1807.248779 932.199951 430.001038
2.004000 1773.199951 2697.933105 933.200012 526.424744
2.000000 1770.000000 2564.000000 922.799988 519.370056
1.996000 1765.599976 1114.226196 923.799988 502.707550
1.992000 1793.599976 864.627563 939.200012 157.712067
1.988000 1814.000122 854.807129 942.999939 544.302612
1.984000 1795.600220 2084.100830 939.199951 229.951721
1.980000 1811.199829 3360.178955 945.599976 562.248657
1.976000 1801.200073 1369.546143 936.000000 517.687500
1.972000 1797.599976 2736.827881 944.200012 302.711945
1.968000 1798.000122 2992.311035 935.200012 695.312195
1.964000 1774.799927 1568.219971 919.200073 1186.412842
1.960000 1813.200073 3222.494385 940.000000 434.375000
1.956000 1805.200073 1442.695557 943.400024 278.331421
1.952000 1817.199829 1130.531128 945.800049 201.080139
1.948000 1812.800049 1419.982910 943.599976 587.086060
1.944000 1826.800049 2931.081543 952.200012 413.074249
1.940000 1827.199951 914.838440 948.200073 197.808609
1.936000 1824.399902 1409.746338 948.999939 341.115845
1.932000 1820.400024 1275.001099 946.400024 340.681274
1.928000 1856.000000 2208.000000 964.400024 277.342896
1.924000 1833.599976 685.629517 955.000000 158.625000
1.920000 1852.399902 1563.351807 964.600037 206.331848
1.916000 1834.000244 2246.604492 957.399963 300.997620
1.912000 1838.800049 1024.130371 955.399963 232.909973
1.908000 1832.800049 3522.480957 947.799927 606.923828
1.904000 1817.600098 5558.884766 940.199951 2336.489258
1.900000 1856.000000 2096.250000 964.599976 256.137085
1.896000 1857.200073 1142.387939 963.799988 191.521027
1.892000 1827.199951 1445.838379 949.000061 311.321655
1.888000 1860.400024 1012.249146 961.000061 244.882690
1.884000 1854.400146 2893.096680 963.599976 247.899551
1.880000 1871.200073 2866.535889 964.000000 782.375000
1.876000 1850.399902 2448.701416 963.399963 283.323059
1.872000 1869.600098 1094.724854 969.400024 147.967667
1.868000 1894.400024 2759.047607 976.999939 267.494263
1.864000 1871.199951 2872.992676 970.799988 259.383698
1.860000 1873.200073 2009.735596 970.799988 281.758698
1.856000 1905.199951 697.896057 978.400024 209.454727
1.852000 1888.400024 1492.097778 974.399963 187.148865
1.848000 1897.600098 662.369385 975.600037 155.818542
1.844000 1902.799927 646.938721 980.200012 56.311069
1.840000 1879.599976 2299.181885 972.799988 342.558746
1.836000 1902.400024 1386.147095 978.200012 195.611115
1.832000 1891.199951 1794.494629 974.799988 269.733795
1.828000 1906.399902 1501.912354 980.000000 171.125000
1.824000 1898.400024 1366.847290 978.400085 181.272797
1.820000 1885.200073 543.933838 972.800049 146.565002
1.816000 1873.599976 2106.131592 965.800049 516.328186
1.812000 1899.200073 600.581787 980.600037 77.505676
1.808000 1895.999878 3354.212891 978.599915 326.644745
1.804000 1912.000000 902.250000 982.000000 169.625000
1.800000 1908.000000 1526.250000 978.200012 239.548615
1.796000 1900.800049 991.174377 979.600037 124.518250
1.792000 1918.800049 998.372620 983.200012 132.110992
1.788000 1902.400024 1747.397095 978.399963 249.386658
1.784000 1903.199951 2405.445801 980.800049 284.951721
1.780000 1918.400024 1085.596313 986.000000 126.312500
1.776000 1908.399902 836.812744 980.600037 167.943176
1.772000 1905.599854 1812.198242 983.000061 210.567505
1.768000 1915.199951 706.397034 984.800049 96.051331
1.764000 1917.199951 765.347229 985.600098 90.947502
1.760000 1925.200073 684.677979 987.799988 59.621616
1.756000 1924.799805 1920.211914 988.400024 203.829239
1.752000 1920.799927 937.391357 985.800049 102.638733
1.748000 1924.400024 1963.046021 986.599976 224.863174
1.744000 1922.800049 962.972229 986.000000 129.562500
1.740000 1934.400146 787.073303 990.199951 96.556702
1.736000 1942.800049 275.220276 992.600037 75.167297
1.732000 1922.400146 2230.676758 983.199951 287.481018
1.728000 1950.000000 404.000000 997.600037 34.229435
1.724000 1936.000000 1564.750000 991.799988 129.096710
1.720000 1954.800049 845.019104 998.799988 57.771885
1.716000 1952.400024 1153.394653 995.400024 134.416397
1.712000 1938.400024 720.595337 991.399963 68.112610
1.708000 1938.000122 1370.026855 990.400085 168.483246
1.704000 1935.199951 1641.148926 990.400024 200.604141
1.700000 1941.999878 1297.474121 994.200012 130.648224
1.696000 1937.999878 1002.473145 990.800049 87.200745
1.692000 1946.800049 1113.569824 992.200012 135.573273
1.688000 1952.000000 1526.250000 996.399963 151.050476
1.684000 1949.200073 307.074463 995.000000 46.625000
1.680000 1961.599976 416.535767 1000.000061 45.565430
1.676000 1947.200073 274.374756 995.599915 43.185146
1.672000 1939.199951 764.299377 991.999939 84.121094
1.668000 1970.000000 343.750000 1002.000000 38.312500
1.664000 1949.599976 473.935181 996.199951 46.844784
1.660000 1963.599976 1729.385864 998.999939 217.059448
1.656000 1961.599854 1460.514648 997.400024 182.378799
1.652000 1960.399902 699.472900 997.000000 217.812500
1.648000 1962.800049 230.218323 1000.199951 26.807676
1.644000 1982.000000 583.250000 1005.799988 59.634556
1.640000 1955.200073 594.423584 997.399963 43.250553
1.636000 1954.000000 234.500000 997.000000 25.750000
1.632000 1975.599854 392.468781 1003.600037 35.716496
1.628000 1976.800049 1375.066895 1003.599915 164.024017
1.624000 1984.399780 642.262024 1005.400024 65.665909
1.620000 1979.999878 525.233398 1003.200073 149.613052
1.616000 1963.200073 1250.472412 1000.199951 134.745178
1.612000 1964.000122 630.270508 1000.000000 53.625000
1.608000 1958.800049 860.618713 997.600037 77.354431
1.604000 1983.199951 469.953674 1005.799927 42.944836
1.600000 1979.600098 1111.203369 1005.400024 94.478409
1.596000 1986.800049 668.565979 1007.000061 59.377075
1.592000 1978.800049 1212.866699 1003.600037 116.653992
1.588000 1988.800049 280.865784 1006.200012 99.535431
1.584000 1980.400024 273.243286 1004.000061 32.627441
1.580000 1991.599976 206.287247 1008.399902 15.261953
1.576000 1973.599976 634.386353 1002.599976 67.288956
1.572000 1976.000000 224.250000 1002.799988 24.184483
1.568000 1981.199951 224.503479 1005.399963 18.476137
1.564000 1982.799927 333.200439 1006.000000 27.250000
1.560000 1989.200195 182.082962 1007.799927 18.182627
1.556000 1992.000000 486.250000 1008.999939 39.560669
1.552000 1984.799927 323.000732 1006.999939 25.810425
1.548000 1995.599976 526.487427 1009.399963 48.963932
1.544000 1970.799927 506.148682 1002.599976 44.913956
1.540000 1997.599976 666.087524 1010.199951 53.996151
1.536000 1985.599976 208.486954 1006.199951 26.158262
1.532000 1998.000000 445.500000 1010.000000 40.750000
1.528000 1990.400146 602.006897 1007.199951 52.195858
1.524000 1986.000000 327.000000 1007.200012 24.072910
1.520000 1987.599854 462.822296 1007.600037 42.103703
1.516000 1998.400024 295.092407 1009.799988 17.234653
1.512000 1998.800049 140.864807 1010.799988 13.072178
1.508000 1982.800049 367.966370 1005.400085 39.043179
1.504000 2003.199951 373.705627 1011.200073 43.224377
1.500000 1988.000000 707.000000 1007.799927 52.432629
1.496000 1999.200073 533.567139 1010.799988 40.197178
1.492000 2009.599976 138.188126 1013.399963 17.764223
1.488000 1996.000000 361.750000 1009.000061 44.876831
1.484000 2015.199951 284.156799 1015.199890 22.745567
1.480000 1991.200195 238.782181 1007.599976 25.476700
1.476000 2000.000122 889.261719 1011.000061 68.814087
1.472000 2003.200073 155.716568 1012.200073 13.011728
1.468000 1997.599976 698.337524 1010.599976 54.439346
1.464000 1997.600098 362.099854 1010.000000 27.187500
1.460000 2011.199951 473.006409 1013.599976 47.089493
1.456000 1999.200195 286.579071 1011.200012 23.410313
1.452000 2007.599976 379.088013 1012.599976 38.476944
1.448000 2013.200073 118.465096 1014.400085 10.029140
1.444000 1999.600098 71.449455 1011.400024 6.428115
1.440000 2011.599976 119.788223 1014.000000 8.000000
1.436000 2019.200195 286.571259 1016.400024 21.365372
1.432000 2012.799927 249.204849 1015.000000 16.937500
1.428000 2009.599976 429.688110 1013.799988 30.709751
1.424000 2014.399902 846.033447 1015.000061 74.501099
1.420000 2019.999878 109.493164 1016.399963 7.926943
1.416000 2016.000122 185.007812 1015.000000 16.125000
1.412000 2006.400146 201.452194 1012.799988 16.872227
1.408000 2014.400024 413.291626 1014.799988 32.172276
1.404000 2020.799927 178.906021 1017.000000 12.250000
1.400000 2010.399902 554.732666 1014.200012 36.335239
1.396000 2025.599854 177.483444 1018.400024 11.015273
1.392000 2017.200073 319.864502 1015.799988 22.697300
1.388000 2021.999878 186.993652 1017.000061 14.438354
1.384000 2023.199951 127.457581 1017.200012 10.510166
1.380000 2020.800049 424.662659 1016.799988 32.097324
1.376000 2021.599976 122.288712 1017.000000 9.000000
1.372000 2021.199951 220.757385 1016.599976 19.302139
1.368000 2010.799927 432.404541 1014.000000 27.187500
1.364000 2021.199951 42.007381 1017.000000 3.375000
1.360000 2020.800049 107.662659 1016.799988 11.347324
1.356000 2026.800049 220.812073 1018.400024 16.640274
1.352000 2028.800049 130.111877 1019.199951 8.272031
1.348000 2019.599976 279.938599 1016.000000 27.937500
1.344000 2012.000000 124.500000 1014.399963 10.339297
1.340000 2028.000000 131.000000 1018.599976 15.214736
1.336000 2025.199951 77.157776 1018.199951 5.296934
1.332000 2021.199951 237.257385 1017.000000 17.812500
1.328000 2017.999878 113.492676 1015.799988 9.947300
1.324000 2031.600098 145.293198 1019.399963 11.339664
1.320000 2020.000000 217.250000 1016.399963 17.489443
1.316000 2027.200073 127.113045 1018.599976 8.902236
1.312000 2026.000122 138.005371 1017.800049 12.248105
1.308000 2028.000000 211.500000 1018.600037 17.527895
1.304000 2025.600098 173.494370 1018.200012 10.735142
1.300000 2027.600098 260.343994 1018.200012 18.735142
1.296000 2021.599976 176.538712 1017.000000 13.750000
1.292000 2027.199951 274.607971 1018.599976 19.339737
1.288000 2024.799927 133.756607 1018.199951 8.484433
1.284000 2027.199951 130.357971 1018.599976 10.464736
1.280000 2029.199951 64.558167 1018.800049 4.835508
1.276000 2033.600098 96.642815 1020.200012 7.560093
1.272000 2033.599976 42.639297 1020.000000 3.937500
1.268000 2038.399902 100.588127 1021.600037 6.240176
1.264000 2028.400024 106.840958 1018.799988 7.334873
1.260000 2024.000000 230.250000 1018.000000 14.437500
1.256000 2036.400024 103.940567 1020.600037 10.440249
1.252000 2036.399902 40.437733 1021.000061 3.187866
1.248000 2031.599976 110.289200 1019.799988 6.734898
1.244000 2028.800171 94.616562 1019.000000 6.625000
1.240000 2037.599976 13.589492 1021.400024 0.740127
1.236000 2034.400024 39.040665 1020.600037 2.315249
1.232000 2036.400024 74.690567 1020.799988 5.759922
1.228000 2034.400024 74.290665 1020.400024 5.415176
1.224000 2036.800049 117.561096 1021.199951 7.472227
1.220000 2030.799927 70.907478 1019.599976 4.702285
1.216000 2042.800049 38.460506 1022.600037 3.165102
1.212000 2034.799927 83.758064 1020.599976 5.689834
1.208000 2029.599854 141.934616 1019.200012 10.522617
1.204000 2040.000122 51.001953 1022.000061 3.125244
1.200000 2038.400024 61.340469 1021.599976 3.802383
1.196000 2036.800171 155.813828 1021.200073 9.660410
1.192000 2036.799927 28.808359 1021.200073 1.660410
1.188000 2040.000000 61.000000 1021.799988 5.159946
1.184000 2036.000000 105.500000 1021.000000 6.625000
1.180000 2042.400024 39.140274 1022.600037 2.352602
1.176000 2040.800171 43.662460 1022.200134 2.510483
1.172000 2041.200073 38.260998 1022.200073 2.635264
1.168000 2033.999878 158.246582 1020.400024 10.165175
1.164000 2036.000000 131.250000 1021.000000 8.125000
1.160000 2034.400024 90.290665 1020.400024 7.727676
1.156000 2035.199951 105.408752 1020.800049 6.447813
1.152000 2038.000000 55.500000 1021.400024 3.990127
1.148000 2033.200073 127.962166 1020.000000 9.562500
1.144000 2040.000000 51.250000 1022.000061 3.062744
1.140000 2039.600098 103.691643 1021.800049 6.722715
1.136000 2044.800049 41.260311 1023.200073 2.485117
1.132000 2038.800049 51.360897 1021.600037 3.740176
1.128000 2044.000244 53.751953 1023.000122 3.250244
1.124000 2040.000000 51.500000 1022.000061 3.062744
1.120000 2043.200073 28.210703 1022.800049 1.685117
1.116000 2043.200073 15.210703 1022.800049 0.810117
1.112000 2039.200073 82.561287 1021.800049 5.097715
1.108000 2043.600098 33.390858 1022.800049 2.497617
1.104000 2042.400146 64.391640 1022.600037 4.040102
1.100000 2040.800049 18.410704 1022.200073 0.885264
1.096000 2041.199951 39.009335 1022.200073 2.635264
1.092000 2043.200073 53.460705 1022.800049 3.247617
1.088000 2044.000122 15.750977 1023.000061 0.875122
1.084000 2042.000122 48.501465 1022.400085 3.752774
1.080000 2042.400024 39.140274 1022.600037 2.352602
1.076000 2041.599854 36.538124 1022.400024 2.065078
1.072000 2046.400146 9.940469 1023.600098 0.527578
1.068000 2046.400146 9.940469 1023.600098 0.465078
1.064000 2044.000000 16.000000 1023.000061 0.812622
1.060000 2042.400024 26.140274 1022.600037 1.477602
1.056000 2042.400146 38.641640 1022.600098 2.290273
1.052000 2044.800171 27.761093 1023.200073 1.672617
1.048000 2044.000000 29.000000 1023.000061 1.687622
1.044000 2042.400146 64.141640 1022.400024 6.252578
1.040000 2043.199951 28.459532 1022.800049 1.560117
1.036000 2046.400146 9.940469 1023.600098 0.465078
1.032000 2044.000122 41.500977 1023.000061 2.500122
1.028000 2046.400146 9.940469 1023.600098 0.527578
1.024000 2048.000244 -0.500000 1024.000122 -0.125000
1.020000 2044.000122 54.250977 1023.000061 3.312622
1.016000 2045.600098 13.240469 1023.400085 0.702603
1.012000 2042.400024 26.140274 1022.600098 1.415273
1.008000 2043.200073 66.460701 1022.800049 4.060117
1.004000 2044.000122 15.750977 1023.000122 0.750244
1.000000 2044.800049 15.260312 1023.200073 0.797617
0.996000 2044.000000 16.000000 1023.000061 0.875122
0.992000 2046.400146 9.940469 1023.600098 0.527578
0.988000 2047.200195 5.360312 1023.800110 0.210044
0.984000 2046.400146 9.940469 1023.600098 0.465078
0.980000 2042.399902 26.638906 1022.600037 1.477602
0.976000 2046.400146 9.940469 1023.600098 0.527578
0.972000 2046.400146 9.940469 1023.600098 0.527578
0.968000 2045.200195 38.161095 1023.200073 3.297617
0.964000 2044.800171 27.761093 1023.200073 1.672617
0.960000 2047.200195 5.360312 1023.800110 0.210044
0.956000 2046.400146 9.940469 1023.600098 0.527578
0.952000 2046.400146 9.940469 1023.600098 0.465078
0.948000 2047.200195 5.360312 1023.800110 0.210044
0.944000 2044.800049 28.260313 1023.200073 1.672617
0.940000 2045.600098 13.240469 1023.400085 0.702603
0.936000 2048.000244 -0.500000 1024.000122 -0.125000
0.932000 2045.600098 13.240469 1023.400085 0.702603
0.928000 2046.400146 9.940469 1023.600098 0.527578
0.924000 2046.400146 9.940469 1023.600098 0.527578
0.920000 2045.600098 13.240469 1023.400085 0.702603
0.916000 2046.400146 9.940469 1023.600098 0.527578
0.912000 2046.400146 9.940469 1023.600098 0.527578
0.908000 2048.000244 -0.500000 1024.000122 -0.125000
0.904000 2046.400146 9.940469 1023.600098 0.465078
0.900000 2048.000244 -0.500000 1024.000122 -0.125000
0.896000 2047.200195 5.360312 1023.800110 0.210044
0.892000 2047.200195 5.360312 1023.800110 0.210044
0.888000 2045.600098 13.240469 1023.400085 0.702603
0.884000 2047.200195 5.360312 1023.800110 0.210044
0.880000 2046.400269 22.440859 1023.600098 1.340078
0.876000 2047.200195 5.360312 1023.800110 0.272544
0.872000 2047.200195 5.360312 1023.800110 0.210044
0.868000 2048.000244 -0.500000 1024.000122 -0.125000
0.864000 2046.400146 9.940469 1023.600098 0.527578
0.860000 2047.200195 5.360312 1023.800110 0.210044
0.856000 2046.400146 9.940469 1023.600098 0.527578
0.852000 2047.200195 5.360312 1023.800110 0.210044
0.848000 2048.000244 -0.500000 1024.000122 -0.125000
0.844000 2047.200195 5.360312 1023.800110 0.272544
0.840000 2047.200195 5.360312 1023.800110 0.210044
0.836000 2047.200195 5.360312 1023.800110 0.210044
0.832000 2047.200195 5.360312 1023.800110 0.210044
0.828000 2047.200195 5.360312 1023.800110 0.210044
0.824000 2047.200195 5.360312 1023.800110 0.210044
0.820000 2048.000244 -0.500000 1024.000122 -0.125000
0.816000 2048.000244 -0.500000 1024.000122 -0.125000
0.812000 2048.000244 -0.500000 1024.000122 -0.125000
0.808000 2048.000244 -0.500000 1024.000122 -0.125000
0.804000 2047.200195 5.360312 1023.800110 0.210044
0.800000 2048.000244 -0.500000 1024.000122 -0.125000
0.796000 2048.000244 -0.500000 1024.000122 -0.125000
0.792000 2047.200195 5.360312 1023.800110 0.210044
0.788000 2048.000244 -0.500000 1024.000122 -0.125000
0.784000 2048.000244 -0.500000 1024.000122 -0.125000
0.780000 2048.000244 -0.500000 1024.000122 -0.125000
0.776000 2046.400146 9.940469 1023.600098 0.465078
0.772000 2047.200195 5.360312 1023.800110 0.272544
0.768000 2048.000244 -0.500000 1024.000122 -0.125000
0.764000 2048.000244 -0.500000 1024.000122 -0.125000
0.760000 2048.000244 -0.500000 1024.000122 -0.125000
0.756000 2047.200195 5.360312 1023.800110 0.210044
0.752000 2048.000244 -0.500000 1024.000122 -0.125000
0.748000 2047.200195 5.360312 1023.800110 0.210044
0.744000 2048.000244 -0.500000 1024.000122 -0.125000
0.740000 2048.000244 -0.500000 1024.000122 -0.125000
0.736000 2048.000244 -0.500000 1024.000122 -0.125000
0.732000 2048.000244 -0.500000 1024.000122 -0.125000
0.728000 2047.200195 5.360312 1023.800110 0.210044
0.724000 2048.000244 -0.500000 1024.000122 -0.125000
0.720000 2048.000244 -0.500000 1024.000122 -0.125000
0.716000 2048.000244 -0.500000 1024.000122 -0.125000
0.712000 2048.000244 -0.500000 1024.000122 -0.125000
0.708000 2048.000244 -0.500000 1024.000122 -0.125000
0.704000 2048.000244 -0.500000 1024.000122 -0.125000
0.700000 2048.000244 -0.500000 1024.000122 -0.125000
0.696000 2047.200195 5.360312 1023.800110 0.210044
0.692000 2048.000244 -0.500000 1024.000122 -0.125000
0.688000 2048.000244 -0.500000 1024.000122 -0.125000
0.684000 2048.000244 -0.500000 1024.000122 -0.125000
0.680000 2048.000244 -0.500000 1024.000122 -0.125000
0.676000 2048.000244 -0.500000 1024.000122 -0.125000
0.672000 2048.000244 -0.500000 1024.000122 -0.125000
0.668000 2048.000244 -0.500000 1024.000122 -0.125000
0.664000 2047.200195 5.360312 1023.800110 0.210044
0.660000 2048.000244 -0.500000 1024.000122 -0.125000
0.656000 2048.000244 -0.500000 1024.000122 -0.125000
0.652000 2048.000244 -0.500000 1024.000122 -0.125000
0.648000 2048.000244 -0.500000 1024.000122 -0.125000
0.644000 2048.000244 -0.500000 1024.000122 -0.125000
0.640000 2048.000244 -0.500000 1024.000122 -0.125000
0.636000 2048.000244 -0.500000 1024.000122 -0.125000
0.632000 2048.000244 -0.500000 1024.000122 -0.125000
0.628000 2048.000244 -0.500000 1024.000122 -0.125000
0.624000 2048.000244 -0.500000 1024.000122 -0.125000
0.620000 2048.000244 -0.500000 1024.000122 -0.125000
0.616000 2048.000244 -0.500000 1024.000122 -0.125000
0.612000 2048.000244 -0.500000 1024.000122 -0.125000
0.608000 2048.000244 -0.500000 1024.000122 -0.125000
0.604000 2048.000244 -0.500000 1024.000122 -0.125000
0.600000 2048.000244 -0.500000 1024.000122 -0.125000
0.596000 2048.000244 -0.500000 1024.000122 -0.125000
0.592000 2048.000244 -0.500000 1024.000122 -0.125000
0.588000 2048.000244 -0.500000 1024.000122 -0.125000
0.584000 2048.000244 -0.500000 1024.000122 -0.125000
0.580000 2048.000244 -0.500000 1024.000122 -0.125000
0.576000 2048.000244 -0.500000 1024.000122 -0.125000
0.572000 2048.000244 -0.500000 1024.000122 -0.125000
0.568000 2048.000244 -0.500000 1024.000122 -0.125000
0.564000 2048.000244 -0.500000 1024.000122 -0.125000
0.560000 2048.000244 -0.500000 1024.000122 -0.125000
0.556000 2048.000244 -0.500000 1024.000122 -0.125000
0.552000 2048.000244 -0.500000 1024.000122 -0.125000
0.548000 2048.000244 -0.500000 1024.000122 -0.125000
0.544000 2048.000244 -0.500000 1024.000122 -0.125000
0.540000 2048.000244 -0.500000 1024.000122 -0.125000
0.536000 2048.000244 -0.500000 1024.000122 -0.125000
0.532000 2048.000244 -0.500000 1024.000122 -0.125000
0.528000 2048.000244 -0.500000 1024.000122 -0.125000
0.524000 2048.000244 -0.500000 1024.000122 -0.125000
0.520000 2048.000244 -0.500000 1024.000122 -0.125000
0.516000 2048.000244 -0.500000 1024.000122 -0.125000
0.512000 2048.000244 -0.500000 1024.000122 -0.125000
0.508000 2048.000244 -0.500000 1024.000122 -0.125000
0.504000 2048.000244 -0.500000 1024.000122 -0.125000
0.500000 2048.000244 -0.500000 1024.000122 -0.125000
0.496000 2048.000244 -0.500000 1024.000122 -0.125000
0.492000 2048.000244 -0.500000 1024.000122 -0.125000
0.488000 2048.000244 -0.500000 1024.000122 -0.125000
0.484000 2048.000244 -0.500000 1024.000122 -0.125000
0.480000 2048.000244 -0.500000 1024.000122 -0.125000
0.476000 2048.000244 -0.500000 1024.000122 -0.125000
0.472000 2048.000244 -0.500000 1024.000122 -0.125000
0.468000 2048.000244 -0.500000 1024.000122 -0.125000
0.464000 2048.000244 -0.500000 1024.000122 -0.125000
0.460000 2048.000244 -0.500000 1024.000122 -0.125000
0.456000 2048.000244 -0.500000 1024.000122 -0.125000
0.452000 2048.000244 -0.500000 1024.000122 -0.125000
0.448000 2048.000244 -0.500000 1024.000122 -0.125000
0.444000 2048.000244 -0.500000 1024.000122 -0.125000
0.440000 2048.000244 -0.500000 1024.000122 -0.125000
0.436000 2048.000244 -0.500000 1024.000122 -0.125000
0.432000 2048.000244 -0.500000 1024.000122 -0.125000
0.428000 2048.000244 -0.500000 1024.000122 -0.125000
0.424000 2048.000244 -0.500000 1024.000122 -0.125000
0.420000 2048.000244 -0.500000 1024.000122 -0.125000
0.416000 2048.000244 -0.500000 1024.000122 -0.125000
0.412000 2048.000244 -0.500000 1024.000122 -0.125000
0.408000 2048.000244 -0.500000 1024.000122 -0.125000
0.404000 2048.000244 -0.500000 1024.000122 -0.125000
0.400000 2048.000244 -0.500000 1024.000122 -0.125000
0.396000 2048.000244 -0.500000 1024.000122 -0.125000
0.392000 2048.000244 -0.500000 1024.000122 -0.125000
0.388000 2048.000244 -0.500000 1024.000122 -0.125000
0.384000 2048.000244 -0.500000 1024.000122 -0.125000
0.380000 2048.000244 -0.500000 1024.000122 -0.125000
0.376000 2048.000244 -0.500000 1024.000122 -0.125000
0.372000 2048.000244 -0.500000 1024.000122 -0.125000
0.368000 2048.000244 -0.500000 1024.000122 -0.125000
0.364000 2048.000244 -0.500000 1024.000122 -0.125000
0.360000 2048.000244 -0.500000 1024.000122 -0.125000
0.356000 2048.000244 -0.500000 1024.000122 -0.125000
0.352000 2048.000244 -0.500000 1024.000122 -0.125000
0.348000 2048.000244 -0.500000 1024.000122 -0.125000
0.344000 2048.000244 -0.500000 1024.000122 -0.125000
0.340000 2048.000244 -0.500000 1024.000122 -0.125000
0.336000 2048.000244 -0.500000 1024.000122 -0.125000
0.332000 2048.000244 -0.500000 1024.000122 -0.125000
0.328000 2048.000244 -0.500000 1024.000122 -0.125000
0.324000 2048.000244 -0.500000 1024.000122 -0.125000
0.320000 2048.000244 -0.500000 1024.000122 -0.125000
0.316000 2048.000244 -0.500000 1024.000122 -0.125000
0.312000 2048.000244 -0.500000 1024.000122 -0.125000
0.308000 2048.000244 -0.500000 1024.000122 -0.125000
0.304000 2048.000244 -0.500000 1024.000122 -0.125000
0.300000 2048.000244 -0.500000 1024.000122 -0.125000
0.296000 2048.000244 -0.500000 1024.000122 -0.125000
0.292000 2048.000244 -0.500000 1024.000122 -0.125000
0.288000 2048.000244 -0.500000 1024.000122 -0.125000
0.284000 2048.000244 -0.500000 1024.000122 -0.125000
0.280000 2048.000244 -0.500000 1024.000122 -0.125000
0.276000 2048.000244 -0.500000 1024.000122 -0.125000
0.272000 2048.000244 -0.500000 1024.000122 -0.125000
0.268000 2048.000244 -0.500000 1024.000122 -0.125000
0.264000 2048.000244 -0.500000 1024.000122 -0.125000
0.260000 2048.000244 -0.500000 1024.000122 -0.125000
0.256000 2048.000244 -0.500000 1024.000122 -0.125000
0.252000 2048.000244 -0.500000 1024.000122 -0.125000
0.248000 2048.000244 -0.500000 1024.000122 -0.125000
0.244000 2048.000244 -0.500000 1024.000122 -0.125000
0.240000 2048.000244 -0.500000 1024.000122 -0.125000
0.236000 2048.000244 -0.500000 1024.000122 -0.125000
0.232000 2048.000244 -0.500000 1024.000122 -0.125000
0.228000 2048.000244 -0.500000 1024.000122 -0.125000
0.224000 2048.000244 -0.500000 1024.000122 -0.125000
0.220000 2048.000244 -0.500000 1024.000122 -0.125000
0.216000 2048.000244 -0.500000 1024.000122 -0.125000
0.212000 2048.000244 -0.500000 1024.000122 -0.125000
0.208000 2048.000244 -0.500000 1024.000122 -0.125000
0.204000 2048.000244 -0.500000 1024.000122 -0.125000
0.200000 2048.000244 -0.500000 1024.000122 -0.125000
0.196000 2048.000244 -0.500000 1024.000122 -0.125000
0.192000 2048.000244 -0.500000 1024.000122 -0.125000
0.188000 2048.000244 -0.500000 1024.000122 -0.125000
0.184000 2048.000244 -0.500000 1024.000122 -0.125000
0.180000 2048.000244 -0.500000 1024.000122 -0.125000
0.176000 2048.000244 -0.500000 1024.000122 -0.125000
0.172000 2048.000244 -0.500000 1024.000122 -0.125000
0.168000 2048.000244 -0.500000 1024.000122 -0.125000
0.164000 2048.000244 -0.500000 1024.000122 -0.125000
0.160000 2048.000244 -0.500000 1024.000122 -0.125000
0.156000 2048.000244 -0.500000 1024.000122 -0.125000
0.152000 2048.000244 -0.500000 1024.000122 -0.125000
0.148000 2048.000244 -0.500000 1024.000122 -0.125000
0.144000 2048.000244 -0.500000 1024.000122 -0.125000
0.140000 2048.000244 -0.500000 1024.000122 -0.125000
0.136000 2048.000244 -0.500000 1024.000122 -0.125000
0.132000 2048.000244 -0.500000 1024.000122 -0.125000
0.128000 2048.000244 -0.500000 1024.000122 -0.125000
0.124000 2048.000244 -0.500000 1024.000122 -0.125000
0.120000 2048.000244 -0.500000 1024.000122 -0.125000
0.116000 2048.000244 -0.500000 1024.000122 -0.125000
0.112000 2048.000244 -0.500000 1024.000122 -0.125000
0.108000 2048.000244 -0.500000 1024.000122 -0.125000
0.104000 2048.000244 -0.500000 1024.000122 -0.125000
0.100000 2048.000244 -0.500000 1024.000122 -0.125000
0.096000 2048.000244 -0.500000 1024.000122 -0.125000
0.092000 2048.000244 -0.500000 1024.000122 -0.125000
0.088000 2048.000244 -0.500000 1024.000122 -0.125000
0.084000 2048.000244 -0.500000 1024.000122 -0.125000
0.080000 2048.000244 -0.500000 1024.000122 -0.125000
0.076000 2048.000244 -0.500000 1024.000122 -0.125000
0.072000 2048.000244 -0.500000 1024.000122 -0.125000
0.068000 2048.000244 -0.500000 1024.000122 -0.125000
0.064000 2048.000244 -0.500000 1024.000122 -0.125000
0.060000 2048.000244 -0.500000 1024.000122 -0.125000
0.056000 2048.000244 -0.500000 1024.000122 -0.125000
0.052000 2048.000244 -0.500000 1024.000122 -0.125000
0.048000 2048.000244 -0.500000 1024.000122 -0.125000
0.044000 2048.000244 -0.500000 1024.000122 -0.125000
0.040000 2048.000244 -0.500000 1024.000122 -0.125000
0.036000 2048.000244 -0.500000 1024.000122 -0.125000
0.032000 2048.000244 -0.500000 1024.000122 -0.125000
0.028000 2048.000244 -0.500000 1024.000122 -0.125000
0.024000 2048.000244 -0.500000 1024.000122 -0.125000
0.020000 2048.000244 -0.500000 1024.000122 -0.125000
0.016000 2048.000244 -0.500000 1024.000122 -0.125000
0.012000 2048.000244 -0.500000 1024.000122 -0.125000
0.008000 2048.000244 -0.500000 1024.000122 -0.125000
0.004000 2048.000244 -0.500000 1024.000122 -0.125000
