0.004000 2048.000000 1024.000000
0.008000 2048.000000 1024.000000
0.012000 2048.000000 1024.000000
0.016000 2048.000000 1024.000000
0.020000 2048.000000 1024.000000
0.024000 2048.000000 1024.000000
0.028000 2048.000000 1024.000000
0.032000 2048.000000 1024.000000
0.036000 2048.000000 1024.000000
0.040000 2048.000000 1024.000000
0.044000 2048.000000 1024.000000
0.048000 2048.000000 1024.000000
0.052000 2048.000000 1024.000000
0.056000 2048.000000 1024.000000
0.060000 2048.000000 1024.000000
0.064000 2048.000000 1024.000000
0.068000 2048.000000 1024.000000
0.072000 2048.000000 1024.000000
0.076000 2048.000000 1024.000000
0.080000 2048.000000 1024.000000
0.084000 2048.000000 1024.000000
0.088000 2048.000000 1024.000000
0.092000 2048.000000 1024.000000
0.096000 2048.000000 1024.000000
0.100000 2048.000000 1024.000000
0.104000 2048.000000 1024.000000
0.108000 2048.000000 1024.000000
0.112000 2048.000000 1024.000000
0.116000 2048.000000 1024.000000
0.120000 2048.000000 1024.000000
0.124000 2048.000000 1024.000000
0.128000 2048.000000 1024.000000
0.132000 2048.000000 1024.000000
0.136000 2048.000000 1024.000000
0.140000 2048.000000 1024.000000
0.144000 2048.000000 1024.000000
0.148000 2048.000000 1024.000000
0.152000 2048.000000 1024.000000
0.156000 2048.000000 1024.000000
0.160000 2048.000000 1024.000000
0.164000 2048.000000 1024.000000
0.168000 2048.000000 1024.000000
0.172000 2048.000000 1024.000000
0.176000 2048.000000 1024.000000
0.180000 2048.000000 1024.000000
0.184000 2048.000000 1024.000000
0.188000 2048.000000 1024.000000
0.192000 2048.000000 1024.000000
0.196000 2048.000000 1024.000000
0.200000 2048.000000 1024.000000
0.204000 2048.000000 1024.000000
0.208000 2048.000000 1024.000000
0.212000 2048.000000 1024.000000
0.216000 2048.000000 1024.000000
0.220000 2048.000000 1024.000000
0.224000 2048.000000 1024.000000
0.228000 2048.000000 1024.000000
0.232000 2048.000000 1024.000000
0.236000 2048.000000 1024.000000
0.240000 2048.000000 1024.000000
0.244000 2048.000000 1024.000000
0.248000 2048.000000 1024.000000
0.252000 2048.000000 1024.000000
0.256000 2048.000000 1024.000000
0.260000 2048.000000 1024.000000
0.264000 2048.000000 1024.000000
0.268000 2048.000000 1024.000000
0.272000 2048.000000 1024.000000
0.276000 2048.000000 1024.000000
0.280000 2048.000000 1024.000000
0.284000 2048.000000 1024.000000
0.288000 2048.000000 1024.000000
0.292000 2048.000000 1024.000000
0.296000 2048.000000 1024.000000
0.300000 2048.000000 1024.000000
0.304000 2048.000000 1024.000000
0.308000 2048.000000 1024.000000
0.312000 2048.000000 1024.000000
0.316000 2048.000000 1024.000000
0.320000 2048.000000 1024.000000
0.324000 2048.000000 1024.000000
0.328000 2048.000000 1024.000000
0.332000 2048.000000 1024.000000
0.336000 2048.000000 1024.000000
0.340000 2048.000000 1024.000000
0.344000 2048.000000 1024.000000
0.348000 2048.000000 1024.000000
0.352000 2048.000000 1024.000000
0.356000 2048.000000 1024.000000
0.360000 2048.000000 1024.000000
0.364000 2048.000000 1024.000000
0.368000 2048.000000 1024.000000
0.372000 2048.000000 1024.000000
0.376000 2048.000000 1024.000000
0.380000 2048.000000 1024.000000
0.384000 2048.000000 1024.000000
0.388000 2048.000000 1024.000000
0.392000 2048.000000 1024.000000
0.396000 2048.000000 1024.000000
0.400000 2048.000000 1024.000000
0.404000 2048.000000 1024.000000
0.408000 2048.000000 1024.000000
0.412000 2048.000000 1024.000000
0.416000 2048.000000 1024.000000
0.420000 2048.000000 1024.000000
0.424000 2048.000000 1024.000000
0.428000 2048.000000 1024.000000
0.432000 2048.000000 1024.000000
0.436000 2048.000000 1024.000000
0.440000 2048.000000 1024.000000
0.444000 2048.000000 1024.000000
0.448000 2048.000000 1024.000000
0.452000 2048.000000 1024.000000
0.456000 2048.000000 1024.000000
0.460000 2048.000000 1024.000000
0.464000 2048.000000 1024.000000
0.468000 2048.000000 1024.000000
0.472000 2048.000000 1024.000000
0.476000 2048.000000 1024.000000
0.480000 2048.000000 1024.000000
0.484000 2048.000000 1024.000000
0.488000 2048.000000 1024.000000
0.492000 2048.000000 1024.000000
0.496000 2048.000000 1024.000000
0.500000 2048.000000 1024.000000
0.504000 2048.000000 1024.000000
0.508000 2048.000000 1024.000000
0.512000 2048.000000 1024.000000
0.516000 2048.000000 1024.000000
0.520000 2048.000000 1024.000000
0.524000 2048.000000 1024.000000
0.528000 2048.000000 1024.000000
0.532000 2048.000000 1024.000000
0.536000 2048.000000 1024.000000
0.540000 2048.000000 1024.000000
0.544000 2048.000000 1024.000000
0.548000 2048.000000 1024.000000
0.552000 2048.000000 1024.000000
0.556000 2048.000000 1024.000000
0.560000 2048.000000 1024.000000
0.564000 2048.000000 1024.000000
0.568000 2048.000000 1024.000000
0.572000 2048.000000 1024.000000
0.576000 2048.000000 1024.000000
0.580000 2048.000000 1024.000000
0.584000 2048.000000 1024.000000
0.588000 2048.000000 1024.000000
0.592000 2048.000000 1024.000000
0.596000 2048.000000 1024.000000
0.600000 2047.199951 1023.799988
0.604000 2048.000000 1024.000000
0.608000 2048.000000 1024.000000
0.612000 2048.000000 1024.000000
0.616000 2048.000000 1024.000000
0.620000 2048.000000 1024.000000
0.624000 2048.000000 1024.000000
0.628000 2048.000000 1024.000000
0.632000 2048.000000 1024.000000
0.636000 2048.000000 1024.000000
0.640000 2048.000000 1024.000000
0.644000 2048.000000 1024.000000
0.648000 2048.000000 1024.000000
0.652000 2048.000000 1024.000000
0.656000 2047.199951 1023.799988
0.660000 2048.000000 1024.000000
0.664000 2048.000000 1024.000000
0.668000 2048.000000 1024.000000
0.672000 2048.000000 1024.000000
0.676000 2048.000000 1024.000000
0.680000 2048.000000 1024.000000
0.684000 2048.000000 1024.000000
0.688000 2048.000000 1024.000000
0.692000 2048.000000 1024.000000
0.696000 2048.000000 1024.000000
0.700000 2048.000000 1024.000000
0.704000 2048.000000 1024.000000
0.708000 2048.000000 1024.000000
0.712000 2047.199951 1023.799988
0.716000 2048.000000 1024.000000
0.720000 2047.199951 1023.799988
0.724000 2048.000000 1024.000000
0.728000 2048.000000 1024.000000
0.732000 2048.000000 1024.000000
0.736000 2048.000000 1024.000000
0.740000 2048.000000 1024.000000
0.744000 2048.000000 1024.000000
0.748000 2048.000000 1024.000000
0.752000 2047.199951 1023.799988
0.756000 2048.000000 1024.000000
0.760000 2048.000000 1024.000000
0.764000 2048.000000 1024.000000
0.768000 2048.000000 1024.000000
0.772000 2047.199951 1023.799988
0.776000 2048.000000 1024.000000
0.780000 2048.000000 1024.000000
0.784000 2048.000000 1024.000000
0.788000 2048.000000 1024.000000
0.792000 2048.000000 1024.000000
0.796000 2048.000000 1024.000000
0.800000 2047.199951 1023.799988
0.804000 2048.000000 1024.000000
0.808000 2048.000000 1024.000000
0.812000 2048.000000 1024.000000
0.816000 2045.599976 1023.400024
0.820000 2048.000000 1024.000000
0.824000 2048.000000 1024.000000
0.828000 2047.199951 1023.799988
0.832000 2047.199951 1023.799988
0.836000 2047.199951 1023.799988
0.840000 2048.000000 1024.000000
0.844000 2048.000000 1024.000000
0.848000 2048.000000 1024.000000
0.852000 2048.000000 1024.000000
0.856000 2047.199951 1023.799988
0.860000 2048.000000 1024.000000
0.864000 2048.000000 1024.000000
0.868000 2048.000000 1024.000000
0.872000 2047.199951 1023.799988
0.876000 2048.000000 1024.000000
0.880000 2048.000000 1024.000000
0.884000 2047.199951 1023.799988
0.888000 2046.400024 1023.599976
0.892000 2048.000000 1024.000000
0.896000 2046.400024 1023.599976
0.900000 2047.199951 1023.799988
0.904000 2047.199951 1023.799988
0.908000 2046.400024 1023.599976
0.912000 2045.599976 1023.400024
0.916000 2044.800049 1023.200012
0.920000 2045.199951 1023.200012
0.924000 2046.400024 1023.599976
0.928000 2047.199951 1023.799988
0.932000 2045.599976 1023.400024
0.936000 2045.599976 1023.400024
0.940000 2046.400024 1023.599976
0.944000 2044.800049 1023.200012
0.948000 2044.800049 1023.200012
0.952000 2047.199951 1023.799988
0.956000 2045.599976 1023.400024
0.960000 2046.400024 1023.599976
0.964000 2046.000000 1023.400024
0.968000 2044.800049 1023.200012
0.972000 2045.599976 1023.400024
0.976000 2046.400024 1023.599976
0.980000 2044.800049 1023.200012
0.984000 2045.599976 1023.400024
0.988000 2044.800049 1023.200012
0.992000 2044.400024 1023.000000
0.996000 2045.599976 1023.400024
1.000000 2044.000000 1023.000000
1.004000 2044.800049 1023.200012
1.008000 2045.599976 1023.400024
1.012000 2042.800049 1022.599976
1.016000 2044.400024 1023.000000
1.020000 2044.400024 1023.000000
1.024000 2046.400024 1023.599976
1.028000 2044.800049 1023.200012
1.032000 2042.800049 1022.599976
1.036000 2043.199951 1022.799988
1.040000 2044.800049 1023.200012
1.044000 2044.800049 1023.200012
1.048000 2042.400024 1022.599976
1.052000 2040.800049 1022.200012
1.056000 2044.000000 1023.000000
1.060000 2042.800049 1022.599976
1.064000 2041.599976 1022.400024
1.068000 2040.800049 1022.000000
1.072000 2043.199951 1022.799988
1.076000 2042.400024 1022.599976
1.080000 2042.000000 1022.400024
1.084000 2044.000000 1023.000000
1.088000 2046.400024 1023.599976
1.092000 2042.000000 1022.400024
1.096000 2044.000000 1022.599976
1.100000 2037.199951 1021.200012
1.104000 2038.400024 1021.599976
1.108000 2042.000000 1022.400024
1.112000 2037.599976 1021.400024
1.116000 2039.199951 1021.799988
1.120000 2038.800049 1021.599976
1.124000 2040.800049 1022.200012
1.128000 2041.599976 1022.400024
1.132000 2044.000000 1023.000000
1.136000 2035.599976 1020.799988
1.140000 2040.400024 1021.799988
1.144000 2040.000000 1022.000000
1.148000 2038.800049 1021.599976
1.152000 2040.000000 1022.000000
1.156000 2041.199951 1022.200012
1.160000 2036.400024 1021.000000
1.164000 2033.199951 1020.200012
1.168000 2036.400024 1021.000000
1.172000 2042.400024 1022.599976
1.176000 2039.199951 1021.799988
1.180000 2036.000000 1021.000000
1.184000 2038.800049 1021.599976
1.188000 2038.800049 1021.599976
1.192000 2036.400024 1021.000000
1.196000 2030.400024 1019.599976
1.200000 2036.800049 1021.000000
1.204000 2034.800049 1020.599976
1.208000 2036.400024 1020.799988
1.212000 2035.199951 1020.799988
1.216000 2037.599976 1021.400024
1.220000 2032.400024 1019.799988
1.224000 2041.599976 1022.400024
1.228000 2036.000000 1021.000000
1.232000 2029.599976 1019.200012
1.236000 2028.400024 1019.000000
1.240000 2029.599976 1018.799988
1.244000 2032.800049 1020.000000
1.248000 2030.000000 1019.200012
1.252000 2034.000000 1020.400024
1.256000 2034.000000 1020.200012
1.260000 2020.800049 1017.000000
1.264000 2031.199951 1019.400024
1.268000 2032.000000 1019.799988
1.272000 2036.800049 1021.000000
1.276000 2021.199951 1017.000000
1.280000 2023.199951 1017.200012
1.284000 2031.199951 1019.599976
1.288000 2034.000000 1020.400024
1.292000 2027.599976 1018.599976
1.296000 2030.800049 1019.400024
1.300000 2029.199951 1019.200012
1.304000 2024.400024 1017.799988
1.308000 2022.800049 1017.200012
1.312000 2035.599976 1020.599976
1.316000 2025.599976 1018.000000
1.320000 2026.800049 1018.200012
1.324000 2019.599976 1016.200012
1.328000 2028.800049 1019.200012
1.332000 2024.400024 1017.400024
1.336000 2035.199951 1020.400024
1.340000 2025.599976 1018.000000
1.344000 2023.599976 1017.599976
1.348000 2021.199951 1017.000000
1.352000 2020.400024 1016.799988
1.356000 2022.400024 1017.400024
1.360000 2028.000000 1018.799988
1.364000 2020.400024 1016.400024
1.368000 2018.000000 1016.000000
1.372000 2016.800049 1015.400024
1.376000 2015.599976 1014.799988
1.380000 2017.599976 1016.200012
1.384000 2022.000000 1017.200012
1.388000 2012.800049 1014.000000
1.392000 2009.599976 1013.799988
1.396000 2016.800049 1015.000000
1.400000 2024.400024 1017.799988
1.404000 2016.800049 1016.000000
1.408000 2014.800049 1015.200012
1.412000 2006.800049 1013.400024
1.416000 2011.199951 1013.599976
1.420000 2014.000000 1014.200012
1.424000 2018.800049 1016.200012
1.428000 2008.400024 1013.400024
1.432000 2010.400024 1013.599976
1.436000 2014.000000 1015.200012
1.440000 2002.800049 1011.200012
1.444000 2011.199951 1014.400024
1.448000 2010.800049 1014.200012
1.452000 2014.000000 1015.200012
1.456000 2002.800049 1012.200012
1.460000 2011.199951 1014.000000
1.464000 2010.000000 1014.000000
1.468000 2008.400024 1013.200012
1.472000 1998.400024 1010.799988
1.476000 2002.400024 1011.200012
1.480000 1996.400024 1009.799988
1.484000 2002.800049 1012.400024
1.488000 1993.599976 1008.799988
1.492000 1998.000000 1010.400024
1.496000 1996.400024 1009.799988
1.500000 1997.599976 1010.599976
1.504000 1997.199951 1009.599976
1.508000 2002.400024 1011.000000
1.512000 1993.199951 1009.200012
1.516000 1985.199951 1006.799988
1.520000 1994.800049 1009.599976
1.524000 1993.599976 1009.599976
1.528000 1980.000000 1005.400024
1.532000 1979.199951 1005.400024
1.536000 1998.800049 1010.599976
1.540000 1982.800049 1004.400024
1.544000 1985.199951 1006.799988
1.548000 1988.400024 1008.000000
1.552000 1972.400024 1001.799988
1.556000 1987.199951 1007.599976
1.560000 1987.599976 1008.000000
1.564000 1975.599976 1003.400024
1.568000 1990.800049 1008.400024
1.572000 1967.599976 1002.000000
1.576000 1982.400024 1005.599976
1.580000 1985.599976 1006.200012
1.584000 1974.800049 1003.400024
1.588000 1970.400024 1001.000000
1.592000 1974.000000 1003.799988
1.596000 1972.400024 1003.000000
1.600000 1980.000000 1006.000000
1.604000 1973.599976 1001.599976
1.608000 1969.599976 1001.200012
1.612000 1972.000000 1002.000000
1.616000 1966.400024 1001.200012
1.620000 1970.000000 1001.599976
1.624000 1954.000000 996.200012
1.628000 1972.400024 1002.599976
1.632000 1970.400024 1002.000000
1.636000 1966.800049 1001.200012
1.640000 1952.000000 995.799988
1.644000 1956.000000 998.200012
1.648000 1950.000000 995.200012
1.652000 1959.599976 999.799988
1.656000 1973.599976 1003.799988
1.660000 1960.800049 998.400024
1.664000 1951.599976 997.400024
1.668000 1960.400024 1000.000000
1.672000 1957.199951 999.000000
1.676000 1946.000000 995.200012
1.680000 1948.800049 994.799988
1.684000 1944.000000 994.000000
1.688000 1952.800049 996.400024
1.692000 1947.199951 994.000000
1.696000 1957.599976 997.799988
1.700000 1965.599976 1000.799988
1.704000 1926.400024 987.599976
1.708000 1925.599976 986.599976
1.712000 1945.599976 993.799988
1.716000 1942.400024 993.799988
1.720000 1928.000000 989.599976
1.724000 1932.400024 989.599976
1.728000 1938.800049 987.799988
1.732000 1940.800049 990.599976
1.736000 1939.199951 993.599976
1.740000 1924.400024 986.799988
1.744000 1915.199951 985.200012
1.748000 1903.199951 978.000000
1.752000 1916.000000 984.400024
1.756000 1932.800049 988.200012
1.760000 1924.400024 987.200012
1.764000 1921.199951 986.799988
1.768000 1917.599976 984.400024
1.772000 1926.800049 988.799988
1.776000 1905.599976 980.799988
1.780000 1901.199951 979.000000
1.784000 1893.199951 975.200012
1.788000 1902.000000 979.400024
1.792000 1918.000000 983.400024
1.796000 1894.800049 977.200012
1.800000 1900.400024 977.200012
1.804000 1914.000000 981.200012
1.808000 1916.000000 983.599976
1.812000 1896.000000 975.000000
1.816000 1871.199951 966.200012
1.820000 1894.000000 978.000000
1.824000 1894.800049 974.799988
1.828000 1909.199951 982.599976
1.832000 1882.800049 974.599976
1.836000 1894.400024 973.799988
1.840000 1885.599976 973.000000
1.844000 1882.800049 970.200012
1.848000 1857.599976 966.599976
1.852000 1865.599976 966.000000
1.856000 1877.599976 971.200012
1.860000 1875.599976 965.400024
1.864000 1873.199951 969.200012
1.868000 1889.599976 974.400024
1.872000 1858.800049 965.200012
1.876000 1886.800049 972.799988
1.880000 1864.800049 961.400024
1.884000 1844.400024 957.000000
1.888000 1858.800049 958.799988
1.892000 1818.800049 945.599976
1.896000 1857.599976 963.599976
1.900000 1846.800049 944.200012
1.904000 1827.599976 947.200012
1.908000 1842.800049 957.200012
1.912000 1852.000000 956.599976
1.916000 1851.599976 956.599976
1.920000 1851.199951 962.400024
1.924000 1844.000000 957.200012
1.928000 1828.800049 952.000000
1.932000 1845.199951 959.000000
1.936000 1820.800049 948.200012
1.940000 1854.000000 960.400024
1.944000 1829.199951 951.200012
1.948000 1834.800049 956.599976
1.952000 1824.400024 954.000000
1.956000 1810.800049 944.200012
1.960000 1802.000000 938.599976
1.964000 1810.400024 932.000000
1.968000 1818.400024 945.200012
1.972000 1780.400024 933.200012
1.976000 1798.800049 938.799988
1.980000 1789.199951 928.000000
1.984000 1793.599976 937.599976
1.988000 1792.000000 941.000000
1.992000 1814.800049 948.000000
1.996000 1815.199951 949.200012
2.000000 1768.400024 921.799988
2.004000 1789.199951 928.400024
2.008000 1801.599976 941.799988
2.012000 1782.800049 932.200012
2.016000 1782.000000 934.599976
2.020000 1762.000000 922.000000
2.024000 1777.199951 929.000000
2.028000 1754.000000 917.599976
2.032000 1740.000000 907.400024
2.036000 1748.800049 911.400024
2.040000 1765.199951 911.400024
2.044000 1760.400024 918.599976
2.048000 1728.000000 912.200012
2.052000 1728.000000 910.599976
2.056000 1703.599976 902.000000
2.060000 1733.599976 912.799988
2.064000 1718.800049 908.599976
2.068000 1703.199951 888.200012
2.072000 1722.400024 903.799988
2.076000 1700.800049 887.799988
2.080000 1717.599976 891.200012
2.084000 1751.199951 920.599976
2.088000 1664.400024 874.799988
2.092000 1710.800049 891.599976
2.096000 1715.599976 896.000000
2.100000 1703.599976 897.200012
2.104000 1693.199951 889.000000
2.108000 1687.599976 879.400024
2.112000 1683.599976 896.200012
2.116000 1694.800049 880.599976
2.120000 1694.800049 902.400024
2.124000 1666.400024 852.000000
2.128000 1667.199951 874.200012
2.132000 1689.199951 877.400024
2.136000 1651.199951 857.599976
2.140000 1661.599976 874.200012
2.144000 1618.000000 849.599976
2.148000 1699.599976 887.000000
2.152000 1652.400024 859.599976
2.156000 1618.000000 816.799988
2.160000 1672.400024 881.000000
2.164000 1674.000000 862.400024
2.168000 1652.400024 872.200012
2.172000 1598.000000 823.000000
2.176000 1626.000000 829.200012
2.180000 1638.400024 853.000000
2.184000 1613.599976 807.799988
2.188000 1643.599976 867.000000
2.192000 1557.599976 799.000000
2.196000 1572.000000 809.200012
2.200000 1602.400024 819.799988
2.204000 1575.599976 790.599976
2.208000 1570.800049 795.000000
2.212000 1601.199951 812.200012
2.216000 1553.599976 756.400024
2.220000 1542.800049 760.799988
2.224000 1578.800049 797.599976
2.228000 1517.599976 745.000000
2.232000 1525.199951 773.599976
2.236000 1530.400024 786.200012
2.240000 1512.000000 700.200012
2.244000 1541.199951 722.799988
2.248000 1527.599976 763.000000
2.252000 1494.000000 748.000000
2.256000 1493.199951 696.000000
2.260000 1531.199951 713.799988
2.264000 1490.000000 674.799988
2.268000 1440.400024 664.599976
2.272000 1466.400024 605.000000
2.276000 1477.599976 690.400024
2.280000 1427.599976 580.000000
2.284000 1362.800049 508.399994
2.288000 1479.199951 694.200012
2.292000 1488.000000 688.200012
2.296000 1442.000000 641.799988
2.300000 1362.400024 556.000000
2.304000 1429.599976 550.799988
2.308000 1428.000000 589.200012
2.312000 1388.400024 543.599976
2.316000 1384.400024 676.400024
2.320000 1366.800049 479.200012
2.324000 1402.400024 564.200012
2.328000 1397.199951 499.000000
2.332000 1361.199951 515.799988
2.336000 1292.400024 289.600006
2.340000 1339.199951 416.799988
2.344000 1344.000000 445.000000
2.348000 1328.800049 414.799988
2.352000 1269.599976 371.399994
2.356000 1302.400024 454.399994
2.360000 1326.000000 488.799988
2.364000 1264.800049 416.200012
2.368000 1323.599976 284.399994
2.372000 1286.400024 304.000000
2.376000 1240.400024 327.399994
2.380000 1276.800049 437.799988
2.384000 1276.000000 348.399994
2.388000 1248.400024 270.799988
2.392000 1248.800049 328.000000
2.396000 1252.800049 407.399994
2.400000 1270.000000 366.399994
2.404000 1205.199951 300.600006
2.408000 1206.800049 317.799988
2.412000 1240.800049 305.000000
2.416000 1227.199951 276.600006
2.420000 1264.000000 397.200012
2.424000 1196.000000 322.600006
2.428000 1210.800049 385.200012
2.432000 1173.599976 248.399994
2.436000 1184.800049 264.799988
2.440000 1198.400024 230.800003
2.444000 1174.800049 251.800003
2.448000 1223.199951 342.200012
2.452000 1173.199951 273.600006
2.456000 1170.000000 275.600006
2.460000 1179.199951 191.199997
2.464000 1156.400024 185.600006
2.468000 1161.599976 202.399994
2.472000 1143.599976 189.800003
2.476000 1146.000000 188.399994
2.480000 1161.599976 174.600006
2.484000 1126.000000 186.399994
2.488000 1123.599976 147.800003
2.492000 1177.199951 192.600006
2.496000 1114.400024 127.599998
2.500000 1184.000000 302.200012
2.504000 1146.000000 143.800003
2.508000 1118.000000 189.000000
2.512000 1102.800049 230.399994
2.516000 1143.199951 188.000000
2.520000 1096.800049 196.800003
2.524000 1089.199951 204.000000
2.528000 1132.400024 177.800003
2.532000 1112.400024 165.800003
2.536000 1094.800049 230.199997
2.540000 1103.199951 170.600006
2.544000 1139.599976 200.399994
2.548000 1067.599976 196.600006
2.552000 1097.599976 144.800003
2.556000 1104.400024 216.600006
2.560000 1094.800049 259.799988
2.564000 1064.000000 155.800003
2.568000 1092.400024 131.800003
2.572000 1064.400024 175.000000
2.576000 1051.599976 176.199997
2.580000 1057.199951 192.399994
2.584000 1060.800049 194.600006
2.588000 1055.599976 156.600006
2.592000 1060.400024 170.800003
2.596000 1060.000000 67.599998
2.600000 1082.400024 204.000000
2.604000 1092.000000 159.199997
2.608000 1042.800049 145.199997
2.612000 1026.400024 139.199997
2.616000 1065.599976 121.599998
2.620000 1043.199951 144.600006
2.624000 1021.599976 70.599998
2.628000 1025.599976 181.600006
2.632000 1018.799988 159.399994
2.636000 1042.000000 119.599998
2.640000 1014.400024 159.000000
2.644000 1023.200012 124.599998
2.648000 1027.199951 158.800003
2.652000 1041.599976 113.199997
2.656000 1042.000000 68.199997
2.660000 1038.400024 156.399994
2.664000 1016.400024 109.800003
2.668000 1017.599976 101.599998
2.672000 1043.599976 168.199997
2.676000 996.000000 176.800003
2.680000 988.000000 61.000000
2.684000 999.200012 177.000000
2.688000 1039.599976 170.199997
2.692000 997.200012 100.199997
2.696000 1002.400024 137.800003
2.700000 996.799988 104.599998
2.704000 980.400024 136.399994
2.708000 980.799988 113.599998
2.712000 947.599976 114.800003
2.716000 960.400024 90.800003
2.720000 973.200012 141.399994
2.724000 928.799988 137.600006
2.728000 994.000000 123.400002
2.732000 912.000000 98.800003
2.736000 956.000000 130.600006
2.740000 944.799988 90.199997
2.744000 990.400024 99.199997
2.748000 974.400024 116.400002
2.752000 960.799988 127.000000
2.756000 981.599976 113.400002
2.760000 918.400024 156.800003
2.764000 920.400024 111.199997
2.768000 899.599976 88.400002
2.772000 914.799988 121.000000
2.776000 946.799988 109.800003
2.780000 935.599976 115.000000
2.784000 929.200012 94.400002
2.788000 947.599976 127.000000
2.792000 954.400024 151.800003
2.796000 895.599976 108.599998
2.800000 955.200012 106.599998
2.804000 934.000000 118.400002
2.808000 917.200012 80.400002
2.812000 916.799988 131.199997
2.816000 905.599976 76.800003
2.820000 930.000000 175.199997
2.824000 932.400024 81.400002
2.828000 900.799988 117.400002
2.832000 894.000000 103.800003
2.836000 908.400024 127.800003
2.840000 924.400024 78.400002
2.844000 916.799988 148.600006
2.848000 929.200012 136.399994
2.852000 887.200012 82.800003
2.856000 926.799988 94.800003
2.860000 896.000000 108.000000
2.864000 902.000000 94.400002
2.868000 872.799988 85.000000
2.872000 875.599976 142.000000
2.876000 898.400024 113.800003
2.880000 910.000000 160.399994
2.884000 894.799988 103.400002
2.888000 895.599976 152.399994
2.892000 882.799988 89.800003
2.896000 885.200012 104.199997
2.900000 871.200012 90.199997
2.904000 883.200012 111.000000
2.908000 856.400024 101.000000
2.912000 877.599976 78.800003
2.916000 862.000000 65.199997
2.920000 860.000000 112.800003
2.924000 887.599976 157.600006
2.928000 881.599976 99.199997
2.932000 858.000000 93.199997
2.936000 858.400024 102.599998
2.940000 868.799988 99.800003
2.944000 819.200012 52.799999
2.948000 861.200012 85.000000
2.952000 906.799988 102.199997
2.956000 840.799988 81.800003
2.960000 860.799988 90.800003
2.964000 848.799988 96.199997
2.968000 857.200012 85.599998
2.972000 848.400024 89.199997
2.976000 824.000000 70.199997
2.980000 856.000000 83.800003
2.984000 880.000000 137.000000
2.988000 855.599976 67.199997
2.992000 830.400024 54.799999
2.996000 862.799988 93.000000
3.000000 834.799988 123.000000
3.004000 831.200012 58.599998
3.008000 808.000000 85.000000
3.012000 813.200012 80.199997
3.016000 847.599976 135.600006
3.020000 808.000000 63.799999
3.024000 863.599976 115.000000
3.028000 829.599976 61.200001
3.032000 808.000000 109.800003
3.036000 852.799988 97.199997
3.040000 810.400024 106.000000
3.044000 806.400024 98.800003
3.048000 828.799988 72.400002
3.052000 815.200012 62.200001
3.056000 814.000000 96.000000
3.060000 818.000000 105.599998
3.064000 804.799988 54.599998
3.068000 831.599976 66.000000
3.072000 816.799988 60.000000
3.076000 831.200012 88.400002
3.080000 788.000000 70.800003
3.084000 796.400024 88.199997
3.088000 793.200012 57.000000
3.092000 817.200012 63.200001
3.096000 780.000000 85.199997
3.100000 797.200012 52.200001
3.104000 859.599976 69.400002
3.108000 820.000000 96.400002
3.112000 795.599976 66.599998
3.116000 768.799988 100.400002
3.120000 790.799988 65.800003
3.124000 780.799988 92.199997
3.128000 782.799988 81.199997
3.132000 791.200012 110.199997
3.136000 802.799988 97.599998
3.140000 776.000000 69.199997
3.144000 772.799988 102.000000
3.148000 815.599976 72.199997
3.152000 789.200012 70.199997
3.156000 811.200012 75.599998
3.160000 804.000000 93.599998
3.164000 760.400024 52.400002
3.168000 748.400024 95.199997
3.172000 768.400024 108.800003
3.176000 732.000000 104.000000
3.180000 788.000000 57.599998
3.184000 751.599976 69.000000
3.188000 737.599976 86.000000
3.192000 764.799988 87.400002
3.196000 769.599976 75.599998
3.200000 765.200012 79.800003
3.204000 766.799988 73.800003
3.208000 794.000000 93.400002
3.212000 743.200012 61.200001
3.216000 752.400024 62.400002
3.220000 742.400024 82.400002
3.224000 740.400024 80.800003
3.228000 758.000000 75.599998
3.232000 762.000000 78.599998
3.236000 759.200012 105.199997
3.240000 715.599976 55.599998
3.244000 736.000000 67.800003
3.248000 728.400024 71.800003
3.252000 754.000000 77.000000
3.256000 774.799988 95.199997
3.260000 738.400024 61.599998
3.264000 789.599976 66.400002
3.268000 717.200012 51.599998
3.272000 740.400024 67.800003
3.276000 744.400024 41.200001
3.280000 740.799988 68.000000
3.284000 764.000000 64.199997
3.288000 734.400024 87.599998
3.292000 748.400024 74.800003
3.296000 731.599976 39.400002
3.300000 740.000000 67.599998
3.304000 691.599976 88.199997
3.308000 749.599976 71.199997
3.312000 744.799988 89.000000
3.316000 733.599976 55.000000
3.320000 730.799988 41.799999
3.324000 750.799988 77.000000
3.328000 727.599976 71.199997
3.332000 731.200012 84.199997
3.336000 710.000000 81.400002
3.340000 707.200012 47.000000
3.344000 707.200012 64.599998
3.348000 697.200012 70.599998
3.352000 699.200012 82.599998
3.356000 647.200012 58.200001
3.360000 712.000000 53.799999
3.364000 739.200012 66.199997
3.368000 694.400024 35.400002
3.372000 715.599976 68.400002
3.376000 724.000000 71.400002
3.380000 691.200012 68.199997
3.384000 698.400024 52.799999
3.388000 659.200012 58.599998
3.392000 691.200012 65.400002
3.396000 692.400024 59.799999
3.400000 713.200012 65.800003
3.404000 710.799988 85.199997
3.408000 693.599976 85.000000
3.412000 709.599976 45.000000
3.416000 714.799988 65.400002
3.420000 669.599976 65.599998
3.424000 702.400024 45.200001
3.428000 674.799988 59.200001
3.432000 716.400024 78.800003
3.436000 712.000000 79.400002
3.440000 712.000000 77.000000
3.444000 676.400024 77.599998
3.448000 669.599976 66.800003
3.452000 685.200012 77.599998
3.456000 707.200012 74.199997
3.460000 680.400024 30.600000
3.464000 674.799988 43.799999
3.468000 702.400024 76.400002
3.472000 714.799988 51.000000
3.476000 680.400024 77.000000
3.480000 664.400024 46.599998
3.484000 675.200012 56.400002
3.488000 652.000000 60.599998
3.492000 687.200012 57.400002
3.496000 654.400024 65.400002
3.500000 714.000000 75.199997
3.504000 660.799988 50.599998
3.508000 670.000000 61.799999
3.512000 668.000000 79.800003
3.516000 684.000000 65.199997
3.520000 654.799988 84.199997
3.524000 644.799988 73.599998
3.528000 658.799988 41.200001
3.532000 654.000000 76.400002
3.536000 685.599976 49.200001
3.540000 657.200012 65.800003
3.544000 652.799988 52.400002
3.548000 659.200012 79.199997
3.552000 667.200012 78.000000
3.556000 681.200012 68.400002
3.560000 684.400024 56.200001
3.564000 642.400024 74.599998
3.568000 646.799988 53.799999
3.572000 668.799988 56.000000
3.576000 677.599976 67.800003
3.580000 676.000000 31.400000
3.584000 638.400024 45.200001
3.588000 640.000000 57.400002
3.592000 654.799988 73.400002
3.596000 667.200012 67.800003
3.600000 635.200012 59.200001
3.604000 658.400024 53.400002
3.608000 663.599976 80.400002
3.612000 656.799988 55.000000
3.616000 669.200012 59.000000
3.620000 657.599976 66.199997
3.624000 659.200012 55.599998
3.628000 661.200012 58.000000
3.632000 649.200012 80.000000
3.636000 639.200012 43.200001
3.640000 602.000000 69.199997
3.644000 611.599976 32.400002
3.648000 638.799988 51.799999
3.652000 636.000000 81.599998
3.656000 644.000000 62.000000
3.660000 635.200012 80.800003
3.664000 640.000000 50.599998
3.668000 632.799988 67.800003
3.672000 651.200012 88.000000
3.676000 630.799988 51.000000
3.680000 635.200012 52.000000
3.684000 614.799988 46.400002
3.688000 664.400024 67.800003
3.692000 626.000000 37.400002
3.696000 644.400024 44.599998
3.700000 659.599976 72.000000
3.704000 629.599976 65.800003
3.708000 627.200012 43.599998
3.712000 619.599976 43.200001
3.716000 613.599976 50.000000
3.720000 628.799988 100.400002
3.724000 621.599976 46.599998
3.728000 642.400024 47.799999
3.732000 614.400024 45.799999
3.736000 624.799988 57.799999
3.740000 610.799988 71.400002
3.744000 615.599976 51.400002
3.748000 616.400024 78.400002
3.752000 618.400024 40.000000
3.756000 585.200012 44.000000
3.760000 566.000000 61.200001
3.764000 640.400024 35.000000
3.768000 582.000000 55.200001
3.772000 623.200012 67.400002
3.776000 598.000000 46.400002
3.780000 624.400024 50.599998
3.784000 611.200012 48.799999
3.788000 610.799988 72.400002
3.792000 588.400024 51.400002
3.796000 635.200012 76.000000
3.800000 602.799988 47.400002
3.804000 635.200012 57.799999
3.808000 596.799988 63.799999
3.812000 606.000000 38.599998
3.816000 611.200012 58.000000
3.820000 583.599976 32.200001
3.824000 570.400024 63.400002
3.828000 616.000000 41.400002
3.832000 602.799988 41.599998
3.836000 609.599976 67.599998
3.840000 610.400024 40.000000
3.844000 615.200012 38.799999
3.848000 589.200012 58.200001
3.852000 597.200012 40.400002
3.856000 568.000000 38.000000
3.860000 582.000000 52.799999
3.864000 615.200012 54.400002
3.868000 599.599976 55.000000
3.872000 588.799988 48.599998
3.876000 591.599976 39.000000
3.880000 622.400024 38.400002
3.884000 576.799988 53.400002
3.888000 570.400024 52.200001
3.892000 584.799988 59.000000
3.896000 617.200012 76.800003
3.900000 614.799988 70.199997
3.904000 603.200012 83.599998
3.908000 612.400024 64.400002
3.912000 594.000000 51.200001
3.916000 584.400024 58.799999
3.920000 540.400024 47.200001
3.924000 583.200012 42.599998
3.928000 570.400024 67.599998
3.932000 604.799988 53.799999
3.936000 560.000000 49.599998
3.940000 596.400024 50.599998
3.944000 531.599976 43.599998
3.948000 598.400024 43.000000
3.952000 597.200012 63.400002
3.956000 584.000000 53.400002
3.960000 581.200012 55.599998
3.964000 611.599976 52.000000
3.968000 576.400024 86.400002
3.972000 578.799988 48.000000
3.976000 570.799988 33.799999
3.980000 541.599976 45.000000
3.984000 556.799988 37.200001
3.988000 562.000000 44.599998
3.992000 590.000000 81.000000
3.996000 548.400024 60.799999
4.000000 574.400024 51.000000
